Unnamed: 0.1,observation_date,CPIAUCSL,date,1 mo,2 mo,3 mo,4 mo,6 mo,1 yr,2 yr,3 yr,5 yr,7 yr,10 yr,20 yr,30 yr,COMPU1UNSA,COMPU5MUNSA,COMPU24UNSA,COMPUTNSA,Unnamed: 0,Monthly Nominal GDP Index,Monthly Real GDP Index,yield_slope,cpi_yoy,real_gdp_yoy,yield_slope_z,cpi_yoy_z,real_gdp_yoy_z,recession_score,economic_regime,Equities (Risk-On),Bonds (Defensive),Cash/T-Bills
0,,,1992-01-01,,,,,,,,,,,,,,59.7,11.4,3.1,74.2,1992 - Jan,6310.1770361833,10168.5012331398,,,,,,,,,,,
1,,,1992-02-01,,,,,,,,,,,,,,63.4,10.1,3.3,76.8,1992 - Feb,6352.47528352062,10216.039265172,,,,,,,,,,,
2,,,1992-03-01,,,,,,,,,,,,,,70.5,10.8,1.6,82.9,1992 - Mar,6426.65368029427,10322.8951953636,,,,,,,,,,,
3,1992-04-01,139.4,1992-04-01,,,4.11,,4.26,4.48,5.53,6.07,6.82,7.17,7.46,,7.9,67.3,12.5,2.7,82.5,1992 - Apr,6443.69544969042,10314.5995807539,3.3499999999999996,,,,,,,,,,
4,1992-05-01,139.7,1992-05-01,,,3.72,,3.89,4.28,5.33,5.97,6.82,7.2,7.56,,8.01,79.7,11.3,3.4,94.4,1992 - May,6429.30243222912,10285.8780458385,3.8399999999999994,,,,,,,,,,
5,1992-06-01,140.1,1992-06-01,,,3.82,,4.01,4.32,5.29,5.84,6.69,7.06,7.39,,7.9,86.5,15.0,3.5,105.0,1992 - Jun,6539.29111808101,10439.863909224,3.57,,,,,,,,,,
6,1992-07-01,140.5,1992-07-01,,,3.63,,3.75,4.04,4.82,5.38,6.27,6.73,7.1,,7.76,86.8,15.3,3.2,105.3,1992 - Jul,6558.36328780802,10452.6023410728,3.4699999999999998,,,,,,,,,,
7,,,1992-08-01,,,,,,,,,,,,,,86.9,16.1,2.8,105.8,1992 - Aug,6553.7822950013,10425.7710017241,,,,,,,,,,,
8,1992-09-01,141.1,1992-09-01,,,3.22,,3.32,3.45,4.12,4.64,5.52,6.11,6.56,,7.38,88.8,13.9,2.8,105.5,1992 - Sep,6587.77741719968,10468.7344847547,3.3399999999999994,,,,,,,,,,
9,1992-10-01,141.7,1992-10-01,,,2.67,,2.83,2.96,3.67,4.18,5.18,5.8,6.23,,7.3,93.3,12.3,2.6,108.2,1992 - Oct,6637.68269020748,10525.1412612803,3.5600000000000005,,,,,,,,,,
10,,,1992-11-01,,,,,,,,,,,,,,84.6,14.3,3.1,102.0,1992 - Nov,6676.68043325496,10549.405950689,,,,,,,,,,,
11,1992-12-01,142.3,1992-12-01,,,3.4,,3.59,3.86,4.81,5.39,6.24,6.61,6.94,,7.57,96.2,14.9,3.8,114.9,1992 - Dec,6728.04587654264,10599.3541919476,3.5400000000000005,,,,,,,,,,
12,,,1993-01-01,,,,,,,,,,,,,,69.6,9.7,1.4,80.7,1993 - Jan,6705.78871634957,10558.1359973637,,,3.8317816489420897,,,,,,,,
13,1993-02-01,143.1,1993-02-01,,,3.01,,3.17,3.4,4.19,4.69,5.55,5.97,6.38,,7.21,69.1,11.4,1.1,81.6,1993 - Feb,6738.17012322826,10588.900085354,3.37,,3.6497590749591025,,,,,,,,
14,1993-03-01,143.3,1993-03-01,,,3.03,,3.14,3.3,3.88,4.31,5.12,5.58,5.94,,6.83,73.4,7.4,1.6,82.4,1993 - Mar,6744.41816042666,10579.7390118841,2.9100000000000006,,2.4880986550736006,,,,,,,,
15,1993-04-01,143.8,1993-04-01,,,2.96,,3.09,3.32,3.94,4.41,5.24,5.74,6.06,,6.97,78.8,10.2,1.8,90.8,1993 - Apr,6766.20165887205,10593.2142829251,3.0999999999999996,3.1563845050215145,2.7011683777920847,,,,,,,,
16,,,1993-05-01,,,,,,,,,,,,,,79.5,9.1,1.7,90.3,1993 - May,6816.96659214508,10647.5059282071,,,3.5157706591213866,,,,,,,,
17,1993-06-01,144.3,1993-06-01,,,3.14,,3.3,3.55,4.16,4.54,5.28,5.71,6.07,,6.88,88.4,13.8,2.5,104.7,1993 - Jun,6843.64874898123,10670.7256154098,2.93,2.9978586723768963,2.211347850826151,,,,,,,,
18,1993-07-01,144.5,1993-07-01,,,3.06,,3.19,3.41,3.99,4.37,5.04,5.46,5.8,,6.69,81.5,9.4,2.8,93.7,1993 - Jul,6833.24440339119,10632.1203354507,2.7399999999999998,2.8469750889679624,1.7174478519334402,,,,,,,,
19,,,1993-08-01,,,,,,,,,,,,,,97.5,15.5,2.7,115.7,1993 - Aug,6874.67238580395,10675.4023136856,,,2.3943678785983025,,,,,,,,
20,1993-09-01,145.0,1993-09-01,,,3.08,,3.19,3.36,3.88,4.21,4.81,5.12,5.46,,6.09,96.3,9.2,2.2,107.7,1993 - Sep,6938.37721080176,10756.1663630966,2.38,2.7639971651311157,2.7456220115285035,,,,,,,,
21,1993-10-01,145.6,1993-10-01,,,2.98,,3.11,3.35,3.84,4.18,4.72,5.03,5.34,6.12,5.98,103.1,11.3,3.6,118.0,1993 - Oct,6942.10747129761,10749.0525766868,2.36,2.752293577981657,2.1273948714609636,,,,,,,,
22,1993-11-01,146.0,1993-11-01,,,3.18,,3.36,3.53,4.11,4.42,4.96,5.32,5.56,6.19,6.02,95.2,8.4,2.7,106.3,1993 - Nov,7036.69748813431,10861.3331430305,2.3799999999999994,,2.9568223443058095,,,,,,,,
23,1993-12-01,146.3,1993-12-01,,,3.19,,3.37,3.62,4.2,4.54,5.14,5.52,5.82,6.44,6.28,107.1,11.7,2.0,120.8,1993 - Dec,7062.40904057411,10889.466655541,2.6300000000000003,2.8109627547435068,2.737076791091675,,,,,,,,
24,,,1994-01-01,,,,,,,,,,,,,,76.6,7.8,2.1,86.5,1994 - Jan,7069.26624231307,10878.2339997869,,,3.031766236986577,,,,,,,,
25,1994-02-01,146.7,1994-02-01,,,3.1,,3.29,3.6,4.2,4.53,5.1,5.43,5.77,6.37,6.31,79.6,8.1,1.9,89.6,1994 - Feb,7118.61065622255,10940.7406614838,2.6699999999999995,2.515723270440251,3.3227301541587595,,,,,,,,
26,1994-03-01,147.1,1994-03-01,,,3.58,,3.82,4.16,4.81,5.19,5.74,6.08,6.28,6.86,6.79,82.0,8.7,3.4,94.1,1994 - Mar,7159.07910146146,10996.2862236422,2.7,2.6517794836008246,3.9372163272666683,,,,,,,,
27,,,1994-04-01,,,,,,,,,,,,,,90.5,10.4,2.7,103.6,1994 - Apr,7182.15061831326,11011.9332339791,,,3.9527091576814444,,,,,,,,
28,,,1994-05-01,,,,,,,,,,,,,,100.7,11.7,3.2,115.6,1994 - May,7286.19798130615,11121.5204627283,,,4.451883264656864,,,,,,,,
29,1994-06-01,147.9,1994-06-01,,,4.28,,4.83,5.36,5.98,6.33,6.74,6.95,7.12,7.52,7.39,99.4,15.2,2.5,117.1,1994 - Jun,7272.44440038136,11126.4469874069,2.84,2.494802494802495,4.270762724317301,,,,,,,,
30,1994-07-01,148.4,1994-07-01,,,4.32,,4.84,5.5,6.19,6.53,6.95,7.19,7.34,7.74,7.62,98.5,8.4,2.0,108.9,1994 - Jul,7296.18504016844,11113.2665712664,3.0199999999999996,2.69896193771626,4.52540246569082,,,,,,,,
31,1994-08-01,149.0,1994-08-01,,,4.45,,4.93,5.4,6.03,6.35,6.75,6.94,7.13,7.47,7.41,103.8,17.7,2.5,124.0,1994 - Aug,7352.24979062237,11194.0612902694,2.6799999999999997,,4.858448996520637,,,,,,,,
32,1994-09-01,149.3,1994-09-01,,,4.67,,4.99,5.56,6.15,6.44,6.81,7.01,7.19,7.6,7.46,106.1,19.3,3.1,128.5,1994 - Sep,7344.7901692028,11147.1411062989,2.5200000000000005,2.965517241379323,3.634889327704127,,,,,,,,
33,,,1994-10-01,,,,,,,,,,,,,,112.4,15.7,2.4,130.5,1994 - Oct,7431.5514032928,11250.263669629,,,4.662839718816314,,,,,,,,
34,1994-11-01,149.8,1994-11-01,,,5.22,,5.75,6.25,6.93,7.21,7.58,7.75,7.91,8.2,8.06,97.7,15.9,2.8,116.4,1994 - Nov,7431.01780682548,11238.1641209725,2.6900000000000004,2.602739726027403,3.4694726050623403,,,,,,,,
35,1994-12-01,150.1,1994-12-01,,,5.71,,6.26,6.94,7.42,7.63,7.8,7.87,7.92,8.12,8.02,113.1,16.2,3.0,132.3,1994 - Dec,7503.29478988826,11349.8013443815,2.21,2.597402597402576,4.227339165470179,-1.610583074264402,,0.947474539210748,,,,,
36,,,1995-01-01,,,,,,,,,,,,,,84.8,12.3,3.1,100.2,1995 - Jan,7535.36811092129,11345.9804022019,,,4.299837661371897,,,0.9882021919412705,,,,,
37,1995-02-01,150.9,1995-02-01,,,6.07,,6.49,6.97,7.33,7.44,7.56,7.65,7.66,7.85,7.75,71.9,11.4,2.8,86.1,1995 - Feb,7478.54405085322,11257.0308377518,1.5899999999999999,2.862985685071595,2.8909393436358455,-2.4838520540970377,,-0.5945588920278869,,,,,
38,1995-03-01,151.2,1995-03-01,,,5.94,,6.21,6.44,6.81,6.92,7.06,7.17,7.23,7.57,7.45,89.1,13.2,2.8,105.1,1995 - Mar,7552.95483822322,11355.7628202411,1.29,2.7872195785180187,3.269072751362345,-2.557521165885115,,-0.15695796294234418,,,,,
39,,,1995-04-01,,,,,,,,,,,,,,82.1,16.3,3.1,101.5,1995 - Apr,7534.62477592749,11290.2466729907,,,2.5273803708945275,,,-0.9890460724203725,,,,,
40,1995-05-01,152.1,1995-05-01,,,5.91,,6.11,6.32,6.62,6.75,6.9,6.96,7.09,7.43,7.35,86.8,18.4,2.6,107.8,1995 - May,7560.37551675868,11326.7818282098,1.1799999999999997,,1.8456232326271804,-2.369673701466679,,-1.6650728518794726,,,,,
41,1995-06-01,152.4,1995-06-01,,,5.67,,5.71,5.68,5.71,5.78,5.94,6.04,6.2,6.64,6.61,89.4,16.6,2.7,108.7,1995 - Jun,7647.99070732477,11443.5924702103,0.5300000000000002,3.0425963488843744,2.8503751751331796,-2.758489203431347,,-0.518602527469658,,,,,
42,,,1995-07-01,,,,,,,,,,,,,,88.2,23.1,4.2,115.5,1995 - Jul,7628.95203105424,11377.5396836295,,,2.3779967003255686,,,-1.0235963194291635,,,,,
43,1995-08-01,152.9,1995-08-01,,,5.61,,5.67,5.71,5.94,6.08,6.22,6.4,6.5,6.95,6.92,92.1,21.0,2.4,115.5,1995 - Aug,7677.22165182459,11445.8952622392,0.8899999999999997,2.6174496644295386,2.2497104977325044,-2.0732301505805335,,-1.1277132847136349,,,,,
44,1995-09-01,153.1,1995-09-01,,,5.45,,5.52,5.6,5.78,5.89,6.0,6.14,6.22,6.67,6.61,91.9,21.2,2.4,115.5,1995 - Sep,7743.2013171142,11527.1249463952,0.7699999999999996,2.54521098459477,3.4088008438467154,-2.0160005826758534,,0.18710399290702145,,,,,
45,,,1995-10-01,,,,,,,,,,,,,,100.1,23.0,2.3,125.4,1995 - Oct,7754.52809639787,11491.2712841201,,,2.142239698272319,,,-1.226827720937918,,,,,
46,1995-11-01,153.7,1995-11-01,,,5.48,,5.49,5.46,5.52,5.62,5.74,5.86,5.98,6.36,6.29,92.6,19.4,4.0,116.0,1995 - Nov,7746.17291149858,11496.5186704301,0.5,2.603471295060067,2.2989035101868893,-2.1015029913795544,,-1.0166212790994134,,,,,
47,1995-12-01,153.9,1995-12-01,,,5.45,,5.44,5.33,5.32,5.37,5.49,5.63,5.71,6.16,6.1,96.6,16.4,2.3,115.3,1995 - Dec,7817.05699210453,11596.7535672533,0.2599999999999998,2.5316455696202667,2.175828592753737,-2.1345753290514677,,-1.1203606320287733,,,,,
48,,,1996-01-01,,,,,,,,,,,,,,79.4,17.9,2.0,99.3,1996 - Jan,7836.01081612066,11577.9860495361,,,2.044826794246668,,,-1.225553210403405,,,,,
49,1996-02-01,155.0,1996-02-01,,,5.03,,4.98,4.88,4.93,5.05,5.24,5.47,5.63,6.11,6.08,72.3,16.6,2.1,91.0,1996 - Feb,7847.26370894683,11591.4096356832,0.5999999999999996,2.717031146454607,2.9703995907164105,-1.690131378941596,,-0.1776830962860463,,,,,
50,1996-03-01,155.5,1996-03-01,,,4.98,,4.94,5.07,5.26,5.4,5.6,5.86,5.99,6.48,6.38,83.7,17.1,2.3,103.1,1996 - Mar,7922.12947493232,11675.1703288898,1.0099999999999998,2.8439153439153486,2.8127349408828106,-1.2496697964463586,,-0.3530542879482026,,,,,
51,1996-04-01,156.1,1996-04-01,,,5.2,,5.26,5.41,5.79,5.91,6.09,6.28,6.31,6.82,6.66,80.3,19.4,2.2,101.9,1996 - Apr,8026.00993674997,11819.5556844401,1.1099999999999994,,4.688197049898379,-1.1175380119143359,,1.7247922317143225,,,,,
52,1996-05-01,156.4,1996-05-01,,,5.11,,5.29,5.6,6.03,6.19,6.39,6.58,6.68,7.08,6.91,91.9,20.7,2.0,114.6,1996 - May,8008.35351181547,11775.5858597666,1.5699999999999994,2.827087442472065,3.9623260901789026,-0.6720380268703903,,0.8872744053772531,,,,,
53,,,1996-06-01,,,,,,,,,,,,,,98.0,25.9,2.0,125.9,1996 - Jun,8064.15655143815,11830.7345489322,,,3.3830467113338702,,,0.23031787294542647,,,,,
54,1996-07-01,157.0,1996-07-01,,,5.27,,5.43,5.74,6.15,6.33,6.49,6.61,6.74,7.03,6.91,97.6,25.9,2.8,126.3,1996 - Jul,8107.72876670493,11888.5384690799,1.4700000000000006,,4.491294248664746,-0.7503736768477851,,1.441348373892986,,,,,
55,1996-08-01,157.2,1996-08-01,,,5.25,,5.41,5.74,6.08,6.25,6.41,6.52,6.65,6.94,6.84,104.1,26.1,3.9,134.1,1996 - Aug,8116.23212639885,11899.5184682692,1.4000000000000004,2.8122956180510084,3.963195500543626,-0.7992675726615719,0.34318201789032315,0.8300631358358078,0.14079544577092565,Expansion,0.8,0.15,0.05
56,,,1996-09-01,,,,,,,,,,,,,,99.6,19.0,3.5,122.1,1996 - Sep,8170.26310689787,11955.2270484458,,,3.7138671094606,,,0.5403604855189952,,,,,
57,1996-10-01,158.2,1996-10-01,,,5.1,,5.35,5.65,6.03,6.22,6.39,6.54,6.65,6.99,6.88,108.5,19.4,2.0,129.9,1996 - Oct,8260.3009556244,12052.9910256621,1.5500000000000007,,4.888229749812334,-0.6439912136472759,,1.7898202790725781,,,,,
58,1996-11-01,158.7,1996-11-01,,,5.17,,5.3,5.46,5.79,5.93,6.11,6.26,6.38,6.75,6.68,99.2,19.1,4.4,122.7,1996 - Nov,8272.19958669286,12047.6780585756,1.21,3.2530904359141077,4.794141634920535,-0.9482256001215228,2.4146893378033623,1.6185159183973412,0.5370543506258627,Expansion,0.8,0.15,0.05
59,,,1996-12-01,,,,,,,,,,,,,,113.9,24.2,3.7,141.8,1996 - Dec,8246.8124576883,12013.8157964169,,,3.5963705423670778,,,0.3106028920869674,,,,,
60,,,1997-01-01,,,,,,,,,,,,,,78.9,15.5,1.3,95.7,1997 - Jan,8309.87437983391,12086.6844530029,,,4.393669169148651,,,1.1585047469458267,,,,,
61,,,1997-02-01,,,,,,,,,,,,,,84.8,16.7,3.3,104.8,1997 - Feb,8387.0784918714,12172.7335422938,,,5.015126933492553,,,1.7612659220062579,,,,,
62,,,1997-03-01,,,,,,,,,,,,,,87.4,18.6,3.6,109.6,1997 - Mar,8391.01212829698,12088.2059557122,,,3.5377267756030673,,,0.17822828545458394,,,,,
63,1997-04-01,159.9,1997-04-01,,,5.32,,5.53,6.0,6.42,6.58,6.74,6.87,6.9,7.21,7.09,86.8,19.8,4.2,110.8,1997 - Apr,8509.64358422234,12357.4329519183,1.58,2.434336963484962,4.550740161800593,-0.5556674866465562,-1.5748863654442635,1.2414575837206026,0.1016530856480854,Expansion,0.8,0.15,0.05
64,1997-05-01,159.9,1997-05-01,,,5.24,,5.55,5.89,6.27,6.41,6.55,6.65,6.69,7.02,6.93,90.1,20.4,3.1,113.6,1997 - May,8478.81859528481,12244.1332874074,1.4500000000000002,2.237851662404089,3.978973387996576,-0.6443902860605473,-2.223926697557592,0.6188672821036977,1.1374863527356456,Late Cycle / High Risk,0.5,0.4,0.1
65,,,1997-06-01,,,,,,,,,,,,,,94.2,17.0,2.6,113.8,1997 - Jun,8568.0128204857,12351.3279262061,,,4.400347037799834,,,1.0531618265046643,,,,,
66,1997-07-01,160.4,1997-07-01,,,5.18,,5.31,5.64,6.02,6.19,6.33,6.42,6.45,6.8,6.74,89.2,20.5,3.1,112.8,1997 - Jul,8621.27187287997,12451.0210295743,1.2700000000000005,2.165605095541401,4.7313011768210345,-0.759597862350201,-2.2449910453360187,1.3727705236667869,0.5093228613514235,Expansion,0.8,0.15,0.05
67,1997-08-01,160.8,1997-08-01,,,5.28,,5.4,5.52,5.89,5.99,6.08,6.17,6.2,6.52,6.46,94.3,23.8,3.1,121.2,1997 - Aug,8655.04502902286,12481.0919408942,0.9199999999999999,2.2900763358778775,4.887369805558128,-1.0948845481371563,-1.6252926896271807,1.4943648495498774,0.41316604340086927,Expansion,0.8,0.15,0.05
68,,,1997-09-01,,,,,,,,,,,,,,103.5,22.1,3.7,129.3,1997 - Sep,8712.15209810152,12482.191795544,,,4.40781881400325,,,0.9702614651402567,,,,,
69,1997-10-01,161.5,1997-10-01,,,5.1,,5.27,5.44,5.75,5.83,5.93,6.05,6.04,6.38,6.33,100.3,25.2,3.3,128.8,1997 - Oct,8748.00907673332,12562.7375683337,0.9400000000000004,2.0859671302149163,4.2292119988000865,-1.009281384940795,-2.175797993788603,0.770541248416306,1.3266391334187904,Late Cycle / High Risk,0.5,0.4,0.1
70,,,1997-11-01,,,,,,,,,,,,,,100.6,20.7,2.1,123.4,1997 - Nov,8737.16446670674,12536.9782268779,,,4.061364903040499,,,0.5856164233506698,,,,,
71,1997-12-01,161.8,1997-12-01,,,5.27,,5.42,5.56,5.78,5.8,5.83,5.88,5.86,6.13,6.04,106.2,26.8,3.5,136.5,1997 - Dec,8812.54745655767,12634.0237266911,0.5900000000000007,,5.162455799090715,-1.3380495974001008,,1.702604645148608,,,,,
72,,,1998-01-01,,,,,,,,,,,,,,71.3,18.4,1.8,91.5,1998 - Jan,8770.13643114895,12567.4813362169,,,3.977905480063626,,,0.45622863398890234,,,,,
73,,,1998-02-01,,,,,,,,,,,,,,76.8,17.9,3.0,97.7,1998 - Feb,8896.28806823093,12756.1930086126,,,4.793167157496603,,,1.2731157253789405,,,,,
74,,,1998-03-01,,,,,,,,,,,,,,85.5,21.6,4.1,111.2,1998 - Mar,8933.01550061588,12788.7357304709,,,5.795150887776446,,,2.181135506239919,,,,,
75,1998-04-01,162.2,1998-04-01,,,5.12,,5.24,5.37,5.55,5.58,5.59,5.68,5.62,5.98,5.9,90.8,21.1,3.4,115.3,1998 - Apr,8926.11560093211,12762.4534602343,0.5,1.4383989993745905,3.277545667388204,-1.3493484098281614,-3.4605371242099534,-0.35172765237891385,3.431344624312052,Recession,0.2,0.6,0.2
76,1998-05-01,162.6,1998-05-01,,,5.02,,5.27,5.41,5.59,5.62,5.63,5.72,5.67,6.02,5.94,89.9,25.0,4.0,118.9,1998 - May,8953.51937751625,12795.5785386947,0.6500000000000004,1.6885553470919357,4.503750803288287,-1.1367826883739933,-2.406014928482678,0.8617698808515827,1.4780202717637496,Late Cycle / High Risk,0.5,0.4,0.1
77,1998-06-01,162.8,1998-06-01,,,5.08,,5.3,5.4,5.52,5.51,5.53,5.59,5.53,5.87,5.78,100.5,23.9,3.3,127.7,1998 - Jun,9029.46202155656,12906.931318502,0.4500000000000002,,4.498329212983343,-1.3069301374068554,,0.8281256475995316,,,,,
78,1998-07-01,163.2,1998-07-01,,,5.09,,5.22,5.37,5.46,5.47,5.43,5.5,5.44,5.73,5.63,103.1,27.7,2.8,133.6,1998 - Jul,9050.77935090099,12881.2191019266,0.35000000000000053,1.74563591022443,3.4551228475999674,-1.3533975792200903,-1.9897735611486427,-0.26759517755190276,2.6158795373463146,Recession,0.2,0.6,0.2
79,,,1998-08-01,,,,,,,,,,,,,,104.6,30.2,3.8,138.6,1998 - Aug,9099.74530960837,12946.3955122377,,,3.728067812872493,,,-0.004601931295604539,,,,,
80,1998-09-01,163.5,1998-09-01,,,4.92,,4.97,4.87,4.86,4.83,4.91,5.06,5.05,5.49,5.34,107.6,20.1,3.2,130.9,1998 - Sep,9212.76633949589,13121.3519967512,0.1299999999999999,,5.120576671761867,-1.5172188480637865,,1.427110400639685,,,,,
81,1998-10-01,163.9,1998-10-01,,,4.23,,4.36,4.28,4.17,4.1,4.1,4.26,4.33,5.09,4.9,108.1,21.0,4.2,133.3,1998 - Oct,9264.28083880392,13162.2160020174,0.09999999999999964,1.4860681114551078,4.771877390758972,-1.4620592431867259,-2.2456365536474308,1.0294238169026941,1.555453703107747,Late Cycle / High Risk,0.5,0.4,0.1
82,,,1998-11-01,,,,,,,,,,,,,,111.5,23.9,3.6,139.0,1998 - Nov,9306.27201467906,13217.7074313924,,,5.429770971884529,,,1.6649535238453774,,,,,
83,1998-12-01,164.4,1998-12-01,,,4.49,,4.51,4.46,4.44,4.44,4.43,4.63,4.67,5.32,5.06,110.0,22.9,3.7,136.6,1998 - Dec,9311.42014652019,13195.750378231,0.17999999999999972,1.606922126081578,4.446142129313668,-1.2802185991322053,-1.7859946866940173,0.598812998071333,1.5744029444078809,Late Cycle / High Risk,0.5,0.4,0.1
84,,,1999-01-01,,,,,,,,,,,,,,88.0,20.3,4.1,112.4,1999 - Jan,9358.64508901763,13224.971304427,,,5.23167650398928,,,1.3856439561464244,,,,,
85,1999-02-01,164.7,1999-02-01,,,4.53,,4.56,4.58,4.65,4.65,4.65,4.82,4.75,5.45,5.19,82.6,15.3,2.6,100.5,1999 - Feb,9410.55637167435,13326.9287936263,0.21999999999999975,,4.474185868999925,-1.1783085908627653,,0.5640715294917565,,,,,
86,1999-03-01,164.8,1999-03-01,,,4.71,,4.79,4.91,5.2,5.28,5.32,5.49,5.4,5.94,5.67,101.2,22.9,4.1,128.2,1999 - Mar,9465.84453931855,13395.595274601,0.6900000000000004,,4.745266122625202,-0.5804135638430449,,0.8319047364693266,,,,,
87,1999-04-01,165.9,1999-04-01,,,4.44,,4.51,4.73,5.01,5.08,5.15,5.4,5.27,5.96,5.67,98.2,21.9,2.2,122.3,1999 - Apr,9494.98324979129,13394.9317478327,0.8299999999999992,2.281134401972884,4.955773508354788,-0.4012754784391864,-0.32550704594306756,1.0264713199521458,-0.4624423185414257,Expansion,0.8,0.15,0.05
88,,,1999-05-01,,,,,,,,,,,,,,106.0,24.8,1.6,132.4,1999 - May,9538.19284582246,13444.7955565476,,,5.073760564163821,,,1.1286120520878062,,,,,
89,1999-06-01,166.0,1999-06-01,,,4.77,,4.97,5.09,5.54,5.63,5.74,5.99,5.78,6.27,5.94,112.7,26.5,3.6,142.8,1999 - Jun,9545.45390438422,13441.3245631691,1.0100000000000007,1.9656019656019597,4.140358629638419,-0.12400427379778571,-0.9256753413826344,0.165911269308994,0.4209306751801089,Expansion,0.8,0.15,0.05
90,1999-07-01,166.7,1999-07-01,,,4.68,,5.01,5.09,5.58,5.65,5.73,5.98,5.85,6.32,6.02,102.6,30.3,4.4,137.3,1999 - Jul,9662.57758258542,13567.2570369072,1.17,2.1446078431372584,5.3258773843695595,0.1708069553070228,-0.5204380379378486,1.3600424666076698,-1.2706304029457685,Expansion,0.8,0.15,0.05
91,,,1999-08-01,,,,,,,,,,,,,,108.4,31.7,2.3,142.4,1999 - Aug,9662.80508411878,13604.7397170038,,,5.085154428843119,,,1.1061839367374615,,,,,
92,1999-09-01,167.8,1999-09-01,,,4.97,,5.21,5.3,5.74,5.82,5.88,6.2,5.99,6.5,6.08,116.2,27.7,2.5,146.4,1999 - Sep,9734.49533328543,13643.0806607344,1.0200000000000005,2.629969418960254,3.976180687115005,0.08725811476374429,0.5065802304396426,-0.02707269839490841,0.19310469885098544,Expansion,0.8,0.15,0.05
93,1999-10-01,168.1,1999-10-01,,,4.88,,5.01,5.3,5.73,5.83,5.9,6.22,6.0,6.57,6.15,114.4,27.3,2.5,144.2,1999 - Oct,9822.69628930456,13724.7979049964,1.12,2.56253813300793,4.274218740163294,0.25723863590986,0.3588151212856202,0.28378378182711006,-0.3616148570941599,Expansion,0.8,0.15,0.05
94,1999-11-01,168.4,1999-11-01,,,5.16,,5.32,5.47,5.83,5.93,6.0,6.23,6.06,6.55,6.19,116.0,21.8,2.4,140.2,1999 - Nov,9888.48079563303,13808.8419709752,0.8999999999999995,,4.47229251102077,-0.05405398359819815,,0.4692534661572084,,,,,
95,1999-12-01,168.8,1999-12-01,,,5.27,,5.58,5.73,6.04,6.11,6.14,6.32,6.21,6.65,6.3,124.0,28.9,3.0,155.9,1999 - Dec,9989.32991507228,13950.726624834,0.9400000000000004,2.676399026763998,5.721358959991263,0.10577329424487801,0.59947337315506,1.6784261446688498,-1.4844627523361977,Expansion,0.8,0.15,0.05
96,,,2000-01-01,,,,,,,,,,,,,,88.7,19.9,1.4,110.0,2000 - Jan,9924.9832217039,13813.4169644436,,,4.449504248221858,,,0.40753009277220437,,,,,
97,2000-02-01,170.0,2000-02-01,,,5.71,,5.95,6.3,6.6,6.63,6.68,6.71,6.62,6.66,6.43,92.2,21.8,2.1,116.1,2000 - Feb,9994.17073517741,13869.8660654394,0.9100000000000001,3.2179720704310855,4.073986439191923,0.08127400555659288,1.6421045329606174,0.013964326580305978,0.7258139343434098,Expansion,0.8,0.15,0.05
98,2000-03-01,171.0,2000-03-01,,,5.76,,6.02,6.17,6.52,6.54,6.59,6.63,6.39,6.48,6.16,100.8,27.6,2.2,130.6,2000 - Mar,10087.3830431165,13951.6880805325,0.6299999999999999,3.762135922330101,4.151310893856963,-0.5381384515971253,2.3849185382429736,0.07748388293131238,1.6531138377872998,Late Cycle / High Risk,0.5,0.4,0.1
99,,,2000-04-01,,,,,,,,,,,,,,100.7,21.4,2.3,124.4,2000 - Apr,10225.6711398081,14134.3795660657,,,5.520355251923115,,,1.419598269212842,,,,,
100,2000-05-01,171.2,2000-05-01,,,6.0,,6.25,6.24,6.73,6.68,6.59,6.55,6.29,6.33,5.98,108.1,26.2,2.2,136.5,2000 - May,10233.2229619198,14115.1876013143,0.29000000000000004,,4.9862568898656034,-1.2669366579985424,,0.8585746503298323,,,,,
101,2000-06-01,172.2,2000-06-01,,,5.74,,6.27,6.32,6.61,6.56,6.44,6.44,6.2,6.33,5.95,102.9,28.0,2.6,133.5,2000 - Jun,10284.2658982795,14143.5711836451,0.45999999999999996,3.7349397590361377,5.224534361741706,-0.8640855309422346,2.131311291932408,1.0772139412332014,0.8525272356752374,Expansion,0.8,0.15,0.05
102,,,2000-07-01,,,,,,,,,,,,,,98.2,26.8,1.9,126.9,2000 - Jul,10235.6121969591,14058.6857177913,,,3.6221668060630208,,,-0.6778380080280203,,,,,
103,2000-08-01,172.7,2000-08-01,,,6.25,,6.39,6.09,6.27,6.2,6.12,6.14,6.0,6.09,5.74,108.9,32.6,2.5,144.0,2000 - Aug,10336.1690399319,14171.5930306797,-0.25,,4.1665869797378186,-2.2615747642243167,,-0.11816067189304372,,,,,
104,2000-09-01,173.6,2000-09-01,,,6.27,,6.32,6.18,6.09,6.01,5.92,5.91,5.68,5.95,5.67,105.8,27.4,2.3,135.5,2000 - Sep,10382.7137631109,14205.9873356567,-0.5899999999999999,3.45649582836709,4.1259499149805645,-2.6223948786411015,1.5164322671155765,-0.18012985213742563,3.5607408643363154,Recession,0.2,0.6,0.2
105,,,2000-10-01,,,,,,,,,,,,,,107.6,26.0,3.3,136.9,2000 - Oct,10435.2779333114,14247.3486982788,,,3.807347815971629,,,-0.6133773106618208,,,,,
106,2000-11-01,174.2,2000-11-01,,,6.37,,6.35,6.1,5.88,5.82,5.79,5.83,5.74,6.0,5.78,110.7,21.5,2.9,135.1,2000 - Nov,10445.748006148,14232.9772764129,-0.6299999999999999,3.444180522565321,3.0714762782367178,-2.4257981327423446,1.3920532224666893,-1.5801095048401237,4.701934248815813,Recession,0.2,0.6,0.2
107,2000-12-01,174.6,2000-12-01,,,6.23,,6.19,5.93,5.62,5.55,5.46,5.56,5.52,5.82,5.64,117.1,25.4,1.6,144.1,2000 - Dec,10426.2060605315,14209.9843521784,-0.7100000000000009,3.4360189573459543,1.858381533209097,-2.34535889998145,1.2847493491574389,-3.04669350731531,6.034427081875479,Recession,0.2,0.6,0.2
108,,,2001-01-01,,,,,,,,,,,,,,77.1,21.5,1.4,100.0,2001 - Jan,10468.6969930761,14215.846812513,,,2.9133258563414977,,,-1.8353726198023617,,,,,
109,2001-02-01,176.0,2001-02-01,,,5.0,,4.81,4.56,4.55,4.59,4.78,5.01,5.1,5.55,5.46,83.3,21.0,1.8,106.1,2001 - Feb,10462.9752027281,14185.2334425739,0.09999999999999964,3.529411764705892,2.273759354607785,-0.9746462227711725,1.328960531587074,-2.5633202437696125,4.202446732334322,Recession,0.2,0.6,0.2
110,2001-03-01,176.1,2001-03-01,,,4.84,,4.68,4.45,4.41,4.48,4.67,4.88,4.87,5.45,5.29,93.4,18.4,2.6,114.4,2001 - Mar,10479.0208041897,14149.7831197474,0.03000000000000025,2.9824561403508643,1.4198643065373107,-1.034687722469234,0.551329329477068,-3.342849539545064,4.653201926752832,Recession,0.2,0.6,0.2
111,,,2001-04-01,,,,,,,,,,,,,,95.4,23.9,2.2,121.5,2001 - Apr,10566.0162544605,14260.7724583896,,,0.8942231368071374,,,-3.462380029455648,,,,,
112,2001-05-01,177.3,2001-05-01,,,3.92,,3.92,3.91,4.23,4.5,4.94,5.17,5.3,5.87,5.75,99.6,18.2,4.2,122.0,2001 - May,10639.1166515869,14326.8296873816,1.38,3.5630841121495394,1.4993926545304515,1.171337068330583,1.284616945425107,-2.6232085679969295,2.0941799723789,Recession,0.2,0.6,0.2
113,2001-06-01,177.7,2001-06-01,,,3.67,,3.61,3.67,4.22,4.49,4.94,5.24,5.39,5.89,5.71,110.8,29.0,4.1,143.9,2001 - Jun,10591.8670939449,14229.1119230113,1.7199999999999998,3.193960511033689,0.6048029755392648,1.6347591900325147,0.7617158864588014,-3.156438241466721,1.902536994663607,Late Cycle / High Risk,0.5,0.4,0.1
114,,,2001-07-01,,,,,,,,,,,,,,105.8,25.8,3.1,134.7,2001 - Jul,10585.3571695822,14183.6947102684,,,0.8891940184629021,,,-2.670695435186393,,,,,
115,2001-08-01,177.4,2001-08-01,3.65,,3.53,,3.47,3.56,3.83,4.09,4.62,4.9,5.11,5.63,5.53,113.0,32.3,3.2,148.5,2001 - Aug,10698.9633613798,14346.9015532442,1.5800000000000005,2.7214823393167498,1.2370417509519172,1.4365934621957925,0.1204992943451398,-2.2388409087466847,0.8624970937234621,Expansion,0.8,0.15,0.05
116,,,2001-09-01,,,,,,,,,,,,,,113.0,21.6,2.6,137.2,2001 - Sep,10509.7394690362,14114.4836870236,,,-0.6441203027362175,,,-3.3175121103561778,,,,,
117,2001-10-01,177.6,2001-10-01,2.26,,2.37,,2.37,2.47,2.82,3.18,3.9,4.33,4.55,5.39,5.38,121.2,20.1,2.3,143.6,2001 - Oct,10640.8375785455,14236.5486257951,2.1799999999999997,,-0.07580408616660872,2.241461546593173,,-2.6774744926783685,,,,,
118,2001-11-01,177.5,2001-11-01,2.18,,2.06,,1.99,2.1,2.49,2.91,3.66,4.01,4.24,5.0,4.79,112.3,21.8,2.6,136.7,2001 - Nov,10588.6473556872,14160.6994126183,2.18,1.894374282433997,-0.5078197090525816,2.0801766359410707,-0.9413621403497388,-2.7259543523672054,1.116458786601004,Late Cycle / High Risk,0.5,0.4,0.1
119,,,2001-12-01,,,,,,,,,,,,,,131.1,27.3,3.9,162.3,2001 - Dec,10751.910065772,14365.3025941736,,,1.0930219073139735,,,-1.646090964263724,,,,,
120,,,2002-01-01,,,,,,,,,,,,,,91.0,18.8,2.5,112.3,2002 - Jan,10785.8097799036,14407.245223559,,,1.3463736179087693,,,-1.4338647612711004,,,,,
121,2002-02-01,178.0,2002-02-01,1.69,,1.76,,1.87,2.22,3.08,3.62,4.37,4.78,5.02,5.63,5.4,94.9,18.5,1.8,115.2,2002 - Feb,10749.045445848,14322.9318352968,3.26,1.1363636363636465,0.9707164374865185,3.06354286113151,-1.8189757616344218,-1.5941924362505884,-0.5598625440637108,Expansion,0.8,0.15,0.05
122,2002-03-01,178.5,2002-03-01,1.78,,1.77,,1.91,2.33,3.18,3.73,4.43,4.82,4.98,5.7,,103.0,16.8,1.4,121.2,2002 - Mar,10815.6447742419,14390.0730962952,3.2100000000000004,1.3628620102214661,1.6981884069477537,2.6647722938372316,-1.4428970753309573,-1.1282709630729006,-0.8150527930988523,Expansion,0.8,0.15,0.05
123,2002-04-01,179.3,2002-04-01,1.79,,1.79,,2.16,2.76,3.74,4.29,4.93,5.29,5.44,6.04,,98.3,25.8,3.2,127.3,2002 - Apr,10857.7404815941,14443.9194190013,3.6500000000000004,,1.284270968813872,2.782797768494134,,-1.3240308389074589,,,,,
124,2002-05-01,179.5,2002-05-01,1.76,,1.77,,1.91,2.33,3.21,3.78,4.49,4.86,5.08,5.71,,110.5,23.5,5.4,139.4,2002 - May,10870.0993390582,14442.5691973068,3.31,1.2408347433727984,0.8078515097247108,2.234012389528009,-1.4706956845877805,-1.5397786676564529,0.04111412042233431,Expansion,0.8,0.15,0.05
125,,,2002-06-01,,,,,,,,,,,,,,110.2,25.0,3.0,138.2,2002 - Jun,10934.540179352,14497.9253388441,,,1.8891791510760036,,,-0.8929041849334657,,,,,
126,2002-07-01,180.0,2002-07-01,1.71,,1.72,,1.78,2.09,2.88,3.35,4.08,4.54,4.85,5.64,,105.1,28.6,2.9,136.6,2002 - Jul,11001.5790596034,14574.9583158309,3.13,,2.7585450304372428,1.9187876285376455,,-0.3802313758675815,,,,,
127,2002-08-01,180.5,2002-08-01,1.7,,1.68,,1.66,1.75,2.15,2.6,3.46,4.04,4.47,5.41,,117.9,35.4,5.0,158.3,2002 - Aug,10952.7261397045,14491.9825658314,2.79,1.747463359639223,1.0112358549947187,1.5213666592222743,-0.8271660154862471,-1.329352136299748,0.22156848482059727,Expansion,0.8,0.15,0.05
128,,,2002-09-01,,,,,,,,,,,,,,119.8,24.1,2.7,146.6,2002 - Sep,10997.8148006844,14493.5830672003,,,2.685889109250472,,,-0.36567664702299685,,,,,
129,2002-10-01,181.2,2002-10-01,1.63,,1.59,,1.54,1.56,1.8,2.11,2.75,3.34,3.72,4.81,,117.4,23.6,2.2,143.2,2002 - Oct,10998.5767118866,14480.4146258864,2.13,2.0270270270270174,1.7129573079913696,0.9119654419048339,-0.4972146339505759,-0.8896425238754857,0.2262843989459398,Expansion,0.8,0.15,0.05
130,2002-11-01,181.5,2002-11-01,1.44,,1.43,,1.42,1.46,1.76,2.14,2.92,3.54,4.01,5.07,,125.6,22.0,2.1,149.7,2002 - Nov,11052.3953193026,14522.5887100387,2.58,2.2535211267605604,2.5555891476513493,1.255249602537625,-0.22856086559391042,-0.3998161951235523,-0.7411529746171174,Expansion,0.8,0.15,0.05
131,,,2002-12-01,,,,,,,,,,,,,,131.3,26.2,2.9,160.4,2002 - Dec,11133.3269688181,14611.1240380098,,,1.7112166083845803,,,-0.8474021397539978,,,,,
132,,,2003-01-01,,,,,,,,,,,,,,90.1,19.8,3.4,113.3,2003 - Jan,11135.2265234272,14595.1482055748,,,1.3042256107957284,,,-1.044641544771916,,,,,
133,,,2003-02-01,,,,,,,,,,,,,,92.3,21.7,1.7,115.7,2003 - Feb,11210.9367831314,14653.2221200783,,,2.3060242733792036,,,-0.46035443136375487,,,,,
134,,,2003-03-01,,,,,,,,,,,,,,101.0,20.9,3.5,125.4,2003 - Mar,11176.2236934474,14595.6546422677,,,1.4286344801502704,,,-0.9270875286642357,,,,,
135,2003-04-01,183.2,2003-04-01,1.17,,1.12,,1.1,1.16,1.5,1.92,2.78,3.35,3.84,4.85,,105.2,21.3,3.0,129.5,2003 - Apr,11258.3573301117,14675.2975853992,2.7199999999999998,2.175125488008911,1.6019070702756544,1.2767431745039088,-0.36074181742061584,-0.8073918996937843,-0.2889803660998166,Expansion,0.8,0.15,0.05
136,2003-05-01,182.9,2003-05-01,1.09,,1.1,,1.13,1.21,1.5,1.93,2.82,3.37,3.88,4.8,,113.4,26.9,2.6,142.9,2003 - May,11275.1946620271,14690.151434445,2.78,1.8941504178273005,1.714253425106449,1.2567642177879503,-0.7169872705143311,-0.7181576303222748,-0.18011295220851004,Expansion,0.8,0.15,0.05
137,,,2003-06-01,,,,,,,,,,,,,,117.1,24.8,2.3,144.2,2003 - Jun,11404.7460078071,14867.2253988794,,,2.5472614281288886,,,-0.22564598859039767,,,,,
138,2003-07-01,183.7,2003-07-01,0.89,,0.89,,0.96,1.07,1.3,1.66,2.48,3.06,3.56,4.54,,117.5,21.4,2.7,141.6,2003 - Jul,11469.3535272727,14911.2628035313,2.67,2.055555555555544,2.307413032770844,1.0827798332329661,-0.5372658725083758,-0.35225791633241327,-0.4618889806463649,Expansion,0.8,0.15,0.05
139,2003-08-01,184.5,2003-08-01,0.91,,0.95,,1.05,1.31,1.85,2.38,3.37,4.01,4.44,5.42,,117.1,24.0,2.1,143.2,2003 - Aug,11565.7658181299,14983.0301303139,3.49,2.216066481994461,3.388408468281434,1.6500911485417702,-0.33219003805224334,0.27176471612998665,-1.755760845645635,Expansion,0.8,0.15,0.05
140,,,2003-09-01,,,,,,,,,,,,,,126.6,22.1,3.8,152.5,2003 - Sep,11664.8876546732,15074.1017362646,,,4.005349583830942,,,0.6436644933493173,,,,,
141,2003-10-01,184.9,2003-10-01,0.88,,0.95,,1.0,1.13,1.47,1.93,2.84,3.4,3.96,4.92,,135.2,18.5,1.7,155.4,2003 - Oct,11700.0694341865,15093.5095919606,3.01,2.041942604856528,4.233960020579652,1.1848095968887338,-0.5877983958113775,0.785521336301353,-1.6764317352843978,Expansion,0.8,0.15,0.05
142,,,2003-11-01,,,,,,,,,,,,,,129.4,17.3,1.8,148.5,2003 - Nov,11785.6615988305,15181.4023252576,,,4.536475062214618,,,0.981453126913401,,,,,
143,2003-12-01,185.5,2003-12-01,0.96,,0.95,,1.06,1.41,2.12,2.64,3.46,3.98,4.4,5.23,,141.4,22.0,3.0,166.4,2003 - Dec,11830.9709671236,15215.3631959798,3.45,,4.135473468010509,1.4359632194591962,,0.749864493466043,,,,,
144,,,2004-01-01,,,,,,,,,,,,,,99.4,18.2,1.0,118.6,2004 - Jan,11805.7526726158,15134.0747574121,,,3.6925048258944715,,,0.5105426977254103,,,,,
145,,,2004-02-01,,,,,,,,,,,,,,101.2,16.2,2.1,119.5,2004 - Feb,11927.3242354652,15259.4873850636,,,4.137419470046622,,,0.783423087383109,,,,,
146,2004-03-01,187.1,2004-03-01,0.97,,0.97,,1.02,1.23,1.67,2.15,2.98,3.49,4.0,4.86,,115.1,20.4,1.5,137.0,2004 - Mar,12037.2640918365,15354.4824119456,3.0300000000000002,,5.198997840634045,1.0329148955616405,,1.4098519169465544,,,,,
147,2004-04-01,187.4,2004-04-01,0.95,,0.93,,1.02,1.23,1.65,2.06,2.87,3.38,3.91,4.77,,129.0,21.3,1.7,152.0,2004 - Apr,12036.0267721737,15311.1747701558,2.98,2.2925764192139875,4.332976425563251,0.9444467299669129,-0.3072480523032332,0.9037690086350966,-1.6945917124503929,Expansion,0.8,0.15,0.05
148,,,2004-05-01,,,,,,,,,,,,,,125.1,32.5,1.9,159.5,2004 - May,12175.0170318729,15445.5360604267,,,5.142115990788887,,,1.389533232976537,,,,,
149,2004-06-01,188.9,2004-06-01,0.97,,1.17,,1.44,1.89,2.6,3.14,3.86,4.31,4.71,5.45,,130.4,29.5,2.2,162.1,2004 - Jun,12127.4011960748,15345.9312556362,3.54,,3.219873540041185,1.2866729189157025,,0.24225061780599835,,,,,
150,2004-07-01,189.1,2004-07-01,1.01,,1.22,,1.64,2.07,2.64,3.08,3.74,4.18,4.57,5.31,,127.8,28.2,3.0,159.0,2004 - Jul,12279.9115540611,15483.8904228015,3.3500000000000005,2.939575394665228,3.8402355777311437,1.0882399752425704,0.46511472403430276,0.6432960074014211,-1.4989786206268403,Expansion,0.8,0.15,0.05
151,,,2004-08-01,,,,,,,,,,,,,,137.2,37.4,2.0,176.6,2004 - Aug,12301.5412727772,15521.9453092692,,,3.5968370501034963,,,0.51653210443158,,,,,
152,2004-09-01,189.8,2004-09-01,1.43,,1.58,,1.79,1.99,2.41,2.74,3.32,3.76,4.13,4.93,,136.2,20.3,1.7,158.2,2004 - Sep,12334.4681732331,15534.1487048143,2.55,,3.0519030360723898,0.47993779089877775,,0.18658246732805248,,,,,
153,2004-10-01,190.8,2004-10-01,1.52,,1.71,,2.0,2.21,2.63,2.92,3.44,3.85,4.21,4.95,,140.7,22.0,2.4,165.1,2004 - Oct,12471.1166555037,15653.0167940174,2.5,3.1909140075716547,3.706939056472436,0.41743043264526397,0.7387431526431714,0.6064827390300461,-0.6545415953537244,Expansion,0.8,0.15,0.05
154,2004-11-01,191.7,2004-11-01,1.79,,1.99,,2.2,2.34,2.61,2.89,3.36,3.76,4.11,4.84,,128.7,20.1,1.6,150.4,2004 - Nov,12514.996660377,15649.7175593378,2.12,,3.084795620632841,0.11819137744211702,,0.23101969689451962,,,,,
155,2004-12-01,191.7,2004-12-01,2.06,,2.22,,2.4,2.6,3.01,3.28,3.72,4.08,4.38,5.04,,160.8,20.8,2.5,184.1,2004 - Dec,12595.5286840792,15712.030932436,2.1599999999999997,3.3423180592991875,3.264251599248258,0.12430341836103753,0.8831399777419682,0.38315662851294896,-0.0658900580030024,Expansion,0.8,0.15,0.05
156,,,2005-01-01,,,,,,,,,,,,,,109.8,18.0,3.1,130.9,2005 - Jan,12747.841152711,15854.6299598966,,,4.7611447282669195,,,1.3573068976024742,,,,,
157,2005-02-01,192.4,2005-02-01,2.23,,2.51,,2.77,2.95,3.29,3.43,3.71,3.93,4.15,4.65,,111.7,16.7,3.6,132.0,2005 - Feb,12752.021516804,15827.2620566617,1.6400000000000006,,3.720797804478382,-0.2763737840451717,,0.6827251400166261,,,,,
158,2005-03-01,193.1,2005-03-01,2.55,,2.75,,3.0,3.2,3.59,3.76,4.02,4.19,4.38,4.8,,116.7,17.0,2.0,135.7,2005 - Mar,12801.9953305031,15854.4499921836,1.63,3.2068412613575736,3.2561669408604166,-0.30820375098152597,0.7876849310816403,0.39025703087150176,0.31178918565084435,Expansion,0.8,0.15,0.05
159,2005-04-01,193.7,2005-04-01,2.66,,2.8,,3.13,3.34,3.75,3.9,4.13,4.29,4.46,4.85,,126.7,21.8,2.2,150.7,2005 - Apr,12858.8722757991,15896.0035322414,1.6600000000000001,3.3617929562433257,3.819620446273886,-0.2815728825204353,0.9472939372542422,0.8018761337323674,-0.046656282584811026,Expansion,0.8,0.15,0.05
160,,,2005-05-01,,,,,,,,,,,,,,145.3,26.8,4.2,176.3,2005 - May,12882.0126870983,15863.5171956696,,,2.7061614022825475,,,0.0742221205943136,,,,,
161,2005-06-01,193.7,2005-06-01,2.79,,2.97,,3.12,3.25,3.5,3.55,3.63,3.74,3.91,4.31,,144.5,23.4,3.1,171.0,2005 - Jun,13027.0830371474,16010.8853630423,0.94,2.541026998411855,4.333097133886077,-0.8976904885515484,-0.031082837406202424,1.2324233030940792,-0.31919139583942957,Expansion,0.8,0.15,0.05
162,2005-07-01,194.9,2005-07-01,3.02,,3.17,,3.38,3.51,3.76,3.77,3.84,3.92,4.06,4.37,,136.3,18.6,3.6,158.5,2005 - Jul,13095.7998464664,16037.0943594597,0.8899999999999997,3.067160232681121,3.572770935162106,-0.913922928598912,0.6425801438172655,0.6974856891265017,0.537727311381043,Expansion,0.8,0.15,0.05
163,2005-08-01,196.1,2005-08-01,3.3,,3.48,,3.73,3.83,4.04,4.09,4.16,4.22,4.32,4.59,,145.0,28.1,5.2,178.3,2005 - Aug,13152.6326361901,16077.4469130669,0.8400000000000003,,3.57881433499172,-1.0084606604256905,,0.7132380708462429,,,,,
164,2005-09-01,198.8,2005-09-01,3.35,,3.48,,3.62,3.66,3.72,3.8,3.85,3.91,4.02,4.31,,147.8,21.4,2.8,172.0,2005 - Sep,13179.4935174247,16030.3243858667,0.5399999999999996,4.741833508956805,3.194096377477229,-1.3334406727257473,2.5067551917288147,0.4552517468715459,2.1315665217186086,Recession,0.2,0.6,0.2
165,,,2005-10-01,,,,,,,,,,,,,,147.1,26.3,2.3,175.7,2005 - Oct,13235.1003935244,16063.9602251222,,,2.625330544983906,,,0.06264660717611018,,,,,
166,2005-11-01,198.1,2005-11-01,3.78,,3.96,,4.25,4.31,4.42,4.44,4.47,4.51,4.58,4.85,,142.2,18.8,1.8,162.8,2005 - Nov,13299.8686255186,16112.4487963937,0.6200000000000001,3.3385498174230532,2.956802480948295,-1.3661589917962824,0.8502414347432901,0.30309111665272376,1.4881885925152036,Late Cycle / High Risk,0.5,0.4,0.1
167,2005-12-01,198.1,2005-12-01,3.99,,3.97,,4.32,4.36,4.45,4.44,4.45,4.47,4.52,4.83,,162.8,21.1,3.6,187.5,2005 - Dec,13437.6429810303,16235.8638203591,0.5499999999999994,3.3385498174230532,3.333960391089197,-1.55657631751447,0.8577527051010032,0.556995044381761,1.4284576256832107,Late Cycle / High Risk,0.5,0.4,0.1
168,,,2006-01-01,,,,,,,,,,,,,,115.1,24.0,3.3,142.4,2006 - Jan,13517.3894272413,16315.3148821796,,,2.9056806967319826,,,0.24843524182604557,,,,,
169,2006-02-01,199.4,2006-02-01,4.33,,4.47,,4.6,4.6,4.59,4.54,4.51,4.52,4.57,4.77,,120.8,16.1,4.8,141.7,2006 - Feb,13569.5282083083,16308.0037443372,0.10000000000000053,3.63825363825363,3.0374279894680445,-1.985959363642835,1.2048701963647548,0.33401542328771255,2.2543790385374995,Recession,0.2,0.6,0.2
170,2006-03-01,199.7,2006-03-01,4.45,,4.6,,4.75,4.74,4.71,4.68,4.63,4.6,4.59,4.74,4.56,144.9,20.8,3.5,169.2,2006 - Mar,13710.5623644908,16440.2068237039,-0.009999999999999787,3.4179181771103018,3.6945894169087,-2.085464027320867,0.9125840237461481,0.7806022915584939,1.761153747635447,Late Cycle / High Risk,0.5,0.4,0.1
171,,,2006-04-01,,,,,,,,,,,,,,134.0,23.8,2.5,160.3,2006 - Apr,13696.428762155,16371.7930684318,,,2.993139346159368,,,0.25301388554663484,,,,,
172,2006-05-01,201.3,2006-05-01,4.61,,4.82,,4.98,4.97,4.94,4.95,4.99,5.04,5.14,5.38,5.23,133.7,22.2,2.9,158.8,2006 - May,13781.5712891461,16415.6613317736,0.3199999999999994,,3.4805909010816594,-1.6879401154454108,,0.5866150868929644,,,,,
173,2006-06-01,201.8,2006-06-01,4.75,,4.83,,5.06,5.05,5.04,5.02,5.03,5.05,5.11,5.34,5.2,151.7,25.2,2.7,179.6,2006 - Jun,13782.2719487053,16403.137301999,0.28000000000000025,4.1817243159525175,2.4499078599496293,-1.6299678982333083,1.7201855336867544,-0.19460087118405783,2.6846615362607436,Recession,0.2,0.6,0.2
174,,,2006-07-01,,,,,,,,,,,,,,138.7,22.9,2.0,163.6,2006 - Jul,13792.9232120581,16367.8411335336,,,2.0623859076990714,,,-0.5057834705695681,,,,,
175,2006-08-01,203.8,2006-08-01,5.2,,5.12,,5.18,5.11,4.97,4.91,4.9,4.92,4.99,5.17,5.07,142.4,25.2,2.8,170.4,2006 - Aug,13884.273103501,16420.3871907836,-0.1299999999999999,3.926568077511483,2.1330518431877055,-1.8635413909390517,1.3350031750634423,-0.4678679635926503,2.9989109420634232,Recession,0.2,0.6,0.2
176,2006-09-01,202.8,2006-09-01,5.07,,5.02,,5.1,4.99,4.77,4.7,4.68,4.69,4.73,4.95,4.87,152.6,25.4,2.9,180.9,2006 - Sep,13933.3676843825,16476.2364399084,-0.28999999999999915,2.012072434607637,2.781678294887424,-1.8776588764909223,-0.7086730482463173,-0.01648439957207872,2.2484798001861597,Recession,0.2,0.6,0.2
177,,,2006-10-01,,,,,,,,,,,,,,142.4,26.5,3.6,172.5,2006 - Oct,13966.3779699778,16488.7101109818,,,2.644116892143056,,,-0.17357909247589873,,,,,
178,2006-11-01,202.0,2006-11-01,5.19,,5.07,,5.1,4.95,4.66,4.56,4.52,4.52,4.57,4.77,4.68,131.4,22.6,4.9,158.9,2006 - Nov,14060.0420893584,16601.5328026502,-0.5,1.9687026754164672,3.035441803023553,-1.8654345045997862,-0.7605468674740723,0.11904625842439702,2.1266616799124254,Recession,0.2,0.6,0.2
179,2006-12-01,203.1,2006-12-01,5.21,,5.03,,5.05,4.87,4.52,4.43,4.39,4.39,4.43,4.64,4.54,146.7,29.5,4.9,181.1,2006 - Dec,14092.2599406924,16597.6238893372,-0.6000000000000005,2.5239777889954462,2.2281541221383483,-1.8289998491418904,-0.15252509322713448,-0.6563919186507113,2.561654314406169,Recession,0.2,0.6,0.2
180,,,2007-01-01,,,,,,,,,,,,,,103.9,21.1,2.3,127.3,2007 - Jan,14135.6518385682,16580.2715379584,,,1.6239751282287385,,,-1.2371129666447347,,,,,
181,2007-02-01,204.226,2007-02-01,4.99,,5.13,,5.16,5.09,4.96,4.88,4.84,4.84,4.84,5.02,4.93,90.5,19.4,2.6,112.5,2007 - Feb,14289.2920904091,16684.091241872,-0.29000000000000004,2.420260782347028,2.30615287702145,-1.5060133168589855,-0.3343000179257245,-0.6288192415688765,2.3019825673907244,Recession,0.2,0.6,0.2
182,2007-03-01,205.288,2007-03-01,5.25,,5.15,,5.11,4.95,4.63,4.54,4.5,4.51,4.56,4.78,4.68,100.2,19.8,2.8,122.8,2007 - Mar,14222.0090710619,16572.8600134059,-0.5900000000000007,2.798197295943927,0.8068827303969295,-1.6179501852948526,0.05284314010742224,-2.0253121575661797,3.669683912914743,Recession,0.2,0.6,0.2
183,,,2007-04-01,,,,,,,,,,,,,,98.1,17.8,3.0,118.9,2007 - Apr,14360.8537011897,16709.2183766932,,,2.061016205439503,,,-0.8584317158626333,,,,,
184,2007-05-01,206.755,2007-05-01,4.69,,4.9,,5.01,4.89,4.63,4.56,4.54,4.57,4.64,4.89,4.81,107.5,18.2,3.8,129.5,2007 - May,14402.4736312346,16703.4637102942,-0.2600000000000007,2.709885742672613,1.7532182999142387,-1.2932538117001278,-0.12623119802784125,-1.2012660435706002,2.5576354542846484,Recession,0.2,0.6,0.2
185,2007-06-01,207.234,2007-06-01,4.8,,4.79,,4.98,4.98,4.97,4.94,4.92,4.92,4.95,5.15,5.06,107.5,20.7,3.0,131.2,2007 - Jun,14442.9186675431,16729.1500605989,0.16000000000000014,2.692765113974227,1.987502467349156,-0.9657668533576017,-0.1462833835950308,-0.9724631782650958,2.011371723420213,Recession,0.2,0.6,0.2
186,,,2007-07-01,,,,,,,,,,,,,,101.2,25.1,2.7,129.0,2007 - Jul,14426.5526857889,16673.9871856787,,,1.8704119232797467,,,-1.0638208006012533,,,,,
187,2007-08-01,207.667,2007-08-01,5.05,,4.89,,4.96,4.82,4.56,4.53,4.6,4.66,4.76,4.99,4.9,107.9,26.5,2.5,136.9,2007 - Aug,14597.923066933,16863.5549899231,-0.1299999999999999,1.897448478900876,2.6988876327364686,-1.0907408584396636,-1.22850678958412,-0.2861462099272208,1.9911404631589442,Late Cycle / High Risk,0.5,0.4,0.1
188,,,2007-09-01,,,,,,,,,,,,,,99.8,20.7,2.7,123.2,2007 - Sep,14667.8752472049,16893.0127538845,,,2.529560166826661,,,-0.45482238461872154,,,,,
189,2007-10-01,209.19,2007-10-01,3.52,,3.92,,4.15,4.11,4.02,4.05,4.24,4.37,4.56,4.85,4.79,103.4,20.3,2.3,126.0,2007 - Oct,14661.4567998625,16875.5207411899,0.6399999999999997,,2.34591200648544,-0.5063746062511846,,-0.6585947547597595,,,,,
190,2007-11-01,210.834,2007-11-01,3.9,,3.81,,3.95,3.89,3.77,3.8,4.02,4.16,4.36,4.69,4.64,98.9,17.5,2.3,118.7,2007 - Nov,14717.2190836734,16900.4657854662,0.5500000000000003,4.373267326732666,1.8006348351658152,-0.5366943055365636,1.8735955706321141,-1.1914273898023522,2.664919480654973,Recession,0.2,0.6,0.2
191,,,2007-12-01,,,,,,,,,,,,,,99.4,25.8,1.6,126.8,2007 - Dec,14766.4981165424,16971.3470474199,,,2.251666627551363,,,-0.7505701269870814,,,,,
192,,,2008-01-01,,,,,,,,,,,,,,69.0,21.4,3.1,93.5,2008 - Jan,14805.7752025384,16995.2824692911,,,2.503040618982544,,,-0.526201492441276,,,,,
193,2008-02-01,212.687,2008-02-01,1.75,,2.1,,2.15,2.13,2.09,2.22,2.75,3.13,3.62,4.31,4.32,63.2,21.7,2.1,87.0,2008 - Feb,14626.4628709878,16752.6695437014,1.52,4.142959270611968,0.4110400790501956,0.16737966930316314,1.4908130255501078,-2.542631657311755,3.120658500783646,Recession,0.2,0.6,0.2
194,,,2008-03-01,,,,,,,,,,,,,,69.0,19.8,1.0,89.8,2008 - Mar,14687.3759264682,16783.0268626814,,,1.2681386864155764,,,-1.6822819741387554,,,,,
195,2008-04-01,213.942,2008-04-01,1.55,,1.4,,1.53,1.62,1.8,1.94,2.65,3.04,3.57,4.4,4.4,62.0,15.0,2.6,79.6,2008 - Apr,14752.8263024097,16841.2176109651,2.17,,0.7899785094437561,0.6633067579576931,,-2.0921735127466783,,,,,
196,2008-05-01,215.208,2008-05-01,1.23,,1.45,,1.73,1.94,2.37,2.53,3.06,3.36,3.78,4.49,4.49,73.6,21.4,1.5,96.5,2008 - May,14802.3424312831,16891.1293719774,2.33,4.088413823123993,1.1235134516893286,0.7977442759105863,1.2976042513995354,-1.7360677286477044,1.5871255784368858,Late Cycle / High Risk,0.5,0.4,0.1
197,,,2008-06-01,,,,,,,,,,,,,,73.6,24.2,1.9,99.7,2008 - Jun,15041.9342663332,17098.8747694729,,,2.2100627200708045,,,-0.6946014410334905,,,,,
198,2008-07-01,219.016,2008-07-01,1.92,,1.87,,2.13,2.38,2.63,2.9,3.33,3.62,4.01,4.6,4.55,69.2,20.3,2.0,91.5,2008 - Jul,14969.483158113,16968.7174459536,2.1399999999999997,,1.7676051744123011,0.6713675936467903,,-1.097818002209954,,,,,
199,2008-08-01,218.69,2008-08-01,1.52,,1.66,,1.88,2.25,2.51,2.79,3.23,3.54,3.97,4.61,4.57,62.3,30.2,2.0,94.5,2008 - Aug,14923.140633412,16898.1521498124,2.3100000000000005,5.308017162091239,0.2051593505045135,0.8485965294680835,2.410068161270479,-2.395573591748729,2.752011142915885,Recession,0.2,0.6,0.2
200,,,2008-09-01,,,,,,,,,,,,,,75.3,25.9,3.0,104.2,2008 - Sep,14804.3732085272,16697.4614810588,,,-1.1575867234264403,,,-3.2328337109051732,,,,,
201,2008-10-01,216.995,2008-10-01,0.66,,0.85,,1.49,1.72,1.82,2.12,2.87,3.29,3.77,4.33,4.22,68.5,24.5,1.1,94.1,2008 - Oct,14696.0055644831,16568.1519996487,2.92,3.7310578899565128,-1.8213881885787986,1.3302246865904845,0.5568998651097564,-3.3559237789600527,2.3041490249244467,Recession,0.2,0.6,0.2
202,,,2008-11-01,,,,,,,,,,,,,,66.8,23.1,1.6,91.5,2008 - Nov,14697.8425484403,16584.7193828705,,,-1.8682704169445619,,,-3.079045206323866,,,,,
203,2008-12-01,211.398,2008-12-01,0.09,,0.07,,0.44,0.81,0.9,1.16,1.71,2.13,2.72,3.51,3.22,66.3,29.5,2.0,97.8,2008 - Dec,14430.7788870277,16304.2474527314,2.6500000000000004,,-3.9307403992419943,1.1627984432717815,,-3.8461669532753016,,,,,
204,,,2009-01-01,,,,,,,,,,,,,,39.0,15.1,0.6,54.7,2009 - Jan,14478.7339528362,16347.8057194926,,,-3.8097439743554173,,,-3.339635419130252,,,,,
205,,,2009-02-01,,,,,,,,,,,,,,36.4,19.1,1.0,56.5,2009 - Feb,14444.51669962,16291.8857164788,,,-2.750509857671257,,,-2.5645681975832737,,,,,
206,,,2009-03-01,,,,,,,,,,,,,,41.3,19.7,1.1,62.1,2009 - Mar,14369.4553475273,16255.84006155,,,-3.1411902360929167,,,-2.5880238692665363,,,,,
207,2009-04-01,212.709,2009-04-01,0.18,,0.22,,0.41,0.58,0.83,1.16,1.65,2.25,2.68,3.54,3.51,41.3,23.0,1.2,65.5,2009 - Apr,14360.6188887179,16254.2199638085,2.46,-0.5763244243767063,-3.4854822300640187,1.0939636430590416,-3.372325426296813,-2.5648558031571604,3.1570548732465253,Recession,0.2,0.6,0.2
208,2009-05-01,213.022,2009-05-01,0.06,,0.16,,0.31,0.49,0.92,1.39,2.03,2.72,3.21,4.14,4.09,41.1,26.1,0.9,68.1,2009 - May,14374.2053906977,16274.6384758374,3.05,-1.015761495855172,-3.6497908610111374,1.5135490986614386,-3.018052842667827,-2.4821667460310106,2.4776440687034853,Recession,0.2,0.6,0.2
209,2009-06-01,214.79,2009-06-01,0.13,,0.13,,0.29,0.48,0.97,1.52,2.55,3.28,3.71,4.56,4.55,44.4,24.9,1.0,70.3,2009 - Jun,14408.8837205468,16279.1721292116,3.58,,-4.793898144249454,1.940322765346868,,-2.753720567454982,,,,,
210,2009-07-01,214.726,2009-07-01,0.13,,0.17,,0.33,0.54,1.05,1.57,2.51,3.2,3.55,4.32,4.34,41.1,24.2,1.1,66.4,2009 - Jul,14379.1328220108,16264.827420401,3.38,-1.9587610037622771,-4.148162804846822,1.7753910502741008,-2.9589474255177515,-2.323453314838506,2.0275359773232813,Recession,0.2,0.6,0.2
211,,,2009-08-01,,,,,,,,,,,,,,44.5,27.8,1.6,73.9,2009 - Aug,14478.2753662712,16346.7282085494,,,-3.2632203590918674,,,-1.867631660947355,,,,,
212,2009-09-01,215.861,2009-09-01,0.08,,0.14,,0.23,0.43,0.92,1.44,2.33,2.99,3.38,4.14,4.19,43.9,19.1,1.4,64.4,2009 - Sep,14489.237811619,16368.0026850508,3.2399999999999998,,-1.9731070880548485,1.6152016892072358,,-1.3044925073937295,,,,,
213,2009-10-01,216.509,2009-10-01,0.03,,0.1,,0.15,0.37,0.87,1.36,2.2,2.82,3.21,3.95,3.97,49.0,17.1,1.3,67.4,2009 - Oct,14692.1628581682,16568.6384732838,3.11,-0.22396829420033848,0.0029361973206798453,1.4758708023717215,-1.7166433294562429,-0.5027838679626943,-0.11476526968090583,Expansion,0.8,0.15,0.05
214,,,2009-11-01,,,,,,,,,,,,,,50.1,21.2,1.3,72.6,2009 - Nov,14668.4664803461,16516.2307617796,,,-0.412962194353661,,,-0.6453003265147726,,,,,
215,2009-12-01,217.347,2009-12-01,0.09,,0.06,,0.15,0.26,0.67,1.14,2.03,2.74,3.28,4.14,4.26,48.0,22.5,1.9,72.4,2009 - Dec,14593.117661436,16424.1071999911,3.2199999999999998,2.8141231232083674,0.7351443089120835,1.510146469555396,0.06325929389108215,-0.17338855597553388,-1.3051282666343211,Expansion,0.8,0.15,0.05
216,,,2010-01-01,,,,,,,,,,,,,,30.0,15.1,1.2,46.3,2010 - Jan,14706.8645725122,16525.6497747785,,,1.0878772254666824,,,-0.008171792851019736,,,,,
217,2010-02-01,217.281,2010-02-01,0.05,,0.1,,0.17,0.33,0.86,1.41,2.38,3.12,3.68,4.43,4.56,30.7,14.1,0.6,45.4,2010 - Feb,14736.8613588408,16562.6680887043,3.58,,1.6620689399484911,1.6770915015880297,,0.24158265709566284,,,,,
218,2010-03-01,217.353,2010-03-01,0.09,,0.13,,0.19,0.32,0.8,1.34,2.28,3.04,3.61,4.41,4.56,37.6,10.4,0.6,48.6,2010 - Mar,14850.104068624,16660.2198989284,3.48,,2.487597293325261,1.5190621277124043,,0.5881108270502013,,,,,
219,2010-04-01,217.403,2010-04-01,0.16,,0.16,,0.24,0.42,1.05,1.63,2.59,3.32,3.89,4.58,4.74,42.9,13.9,0.9,57.7,2010 - Apr,14946.4080275333,16725.5458700192,3.73,2.2067707525304403,2.8997140881577232,1.5984111666616712,-0.2529092065677329,0.7690196911122822,-2.240976254490087,Expansion,0.8,0.15,0.05
220,,,2010-05-01,,,,,,,,,,,,,,43.0,15.2,0.5,58.7,2010 - May,14955.8880715156,16713.5967180139,,,2.69719197036673,,,0.685116384645484,,,,,
221,2010-06-01,217.199,2010-06-01,0.14,,0.16,,0.23,0.35,0.78,1.26,2.09,2.74,3.29,4.03,4.19,60.1,16.9,0.7,77.7,2010 - Jun,15038.2829009499,16790.9408009285,3.13,1.1215605940686268,3.143702073145205,1.1315887112757559,-0.8363708159229694,0.886886804071212,-1.6002901073854832,Expansion,0.8,0.15,0.05
222,2010-07-01,217.605,2010-07-01,0.16,,0.17,,0.22,0.32,0.63,1.01,1.8,2.43,2.96,3.71,3.88,39.2,8.3,0.7,48.2,2010 - Jul,15115.4026312831,16870.1093801015,2.79,1.3407784804821077,3.7214164285647167,0.8631460650537137,-0.6720598512268439,1.1264390562582787,-1.6535551956985706,Expansion,0.8,0.15,0.05
223,,,2010-08-01,,,,,,,,,,,,,,41.4,12.6,0.6,54.6,2010 - Aug,15103.1349213577,16829.0769359989,,,2.950735592442455,,,0.8118974804871079,,,,,
224,2010-09-01,218.275,2010-09-01,0.16,,0.13,,0.19,0.25,0.5,0.75,1.41,2.02,2.58,3.35,3.65,43.9,11.8,1.0,56.7,2010 - Sep,15206.2834473093,16918.166314752,2.45,1.1183122472331775,3.361214195081219,0.5856023244953192,-0.7390904166524537,0.9820126607541246,-1.1980697769232171,Expansion,0.8,0.15,0.05
225,2010-10-01,219.035,2010-10-01,0.15,,0.16,,0.19,0.26,0.42,0.63,1.26,1.9,2.54,3.4,3.71,44.7,9.5,0.6,54.8,2010 - Oct,15278.9396241342,16955.9805667468,2.38,1.1666951489314625,2.33780279585174,0.5305890156749974,-0.6931278448058796,0.5553932667169738,-0.7394183599890314,Expansion,0.8,0.15,0.05
226,2010-11-01,219.59,2010-11-01,0.14,,0.13,,0.16,0.22,0.34,0.5,1.17,1.9,2.66,3.66,4.01,38.7,9.2,0.4,48.3,2010 - Nov,15264.8778675714,16904.7542203113,2.5300000000000002,,2.3523736386075855,0.5971468210848998,,0.567433528685283,,,,,
227,2010-12-01,220.472,2010-12-01,0.17,,0.16,,0.2,0.28,0.53,0.84,1.64,2.33,2.97,3.95,4.24,44.0,9.6,1.1,54.7,2010 - Dec,15384.6045082216,17022.4997507683,2.81,1.437793022217937,3.6433794756132842,0.7431082847586843,-0.471612406551204,1.1065933727894153,-1.6138954542724975,Expansion,0.8,0.15,0.05
228,,,2011-01-01,,,,,,,,,,,,,,28.4,6.2,0.4,35.0,2011 - Jan,15255.6434626375,16862.6906261134,,,2.039501356547513,,,0.44020290499198134,,,,,
229,2011-02-01,221.898,2011-02-01,0.16,,0.15,,0.18,0.27,0.61,1.04,2.02,2.79,3.48,4.37,4.62,32.9,8.5,0.6,42.0,2011 - Feb,15283.5590236819,16841.8754223297,3.33,2.124898173333145,1.6857630191588369,1.0323421748315371,-0.046735920618534876,0.30215688508606064,-1.3111310996083303,Expansion,0.8,0.15,0.05
230,2011-03-01,223.046,2011-03-01,0.07,,0.14,,0.16,0.25,0.66,1.15,2.11,2.81,3.41,4.24,4.48,28.2,15.1,0.5,43.8,2011 - Mar,15515.141513604,17057.8932179878,3.27,2.619241510354109,2.386963206199799,0.9421615737510279,0.25921865852763804,0.6140492910173909,-1.4266015355045998,Expansion,0.8,0.15,0.05
231,2011-04-01,224.093,2011-04-01,0.03,,0.07,,0.15,0.27,0.8,1.31,2.24,2.9,3.46,4.27,4.48,33.3,7.7,1.2,42.2,2011 - Apr,15583.8613993525,17096.825619919,3.39,3.0772344447868694,2.2198363675850263,0.9959473831040853,0.5161478377493467,0.550251253073948,-1.28812471730336,Expansion,0.8,0.15,0.05
232,,,2011-05-01,,,,,,,,,,,,,,36.6,8.4,0.4,45.4,2011 - May,15567.1624134422,17037.8051801472,,,1.9397887097746258,,,0.44481712450110916,,,,,
233,2011-06-01,224.806,2011-06-01,0.04,,0.05,,0.11,0.18,0.44,0.74,1.6,2.28,2.96,3.83,4.15,39.7,9.4,1.4,50.5,2011 - Jun,15521.5931872342,16971.3822621321,2.91,3.5023181506360412,1.074635801191226,0.6096261385919731,0.7936811296774677,0.08014779392085648,-0.2929333676740957,Expansion,0.8,0.15,0.05
234,2011-07-01,225.395,2011-07-01,0.01,,0.02,,0.1,0.2,0.5,0.85,1.8,2.54,3.22,4.12,4.4,40.2,12.6,0.8,53.6,2011 - Jul,15622.1283612239,17031.9960276614,3.2,3.5798809769996165,0.9596063896944562,0.7894339418910841,0.81686013650015,0.03819222323058148,-0.41919609687159054,Expansion,0.8,0.15,0.05
235,2011-08-01,226.106,2011-08-01,0.13,,0.1,,0.16,0.22,0.38,0.55,1.32,2.05,2.77,3.72,4.07,42.1,14.7,0.5,57.3,2011 - Aug,15720.8477983986,17102.2202271075,2.67,,1.623043807734481,0.3902764639041604,,0.3316759283154825,,,,,
236,2011-09-01,226.597,2011-09-01,0.02,,0.02,,0.05,0.1,0.19,0.31,0.9,1.49,2.15,3.1,3.51,38.4,15.3,1.0,54.7,2011 - Sep,15600.06384035,16960.4041815432,2.13,3.812621692818685,0.24965983904750022,-0.03311335256997888,0.9415006010592578,-0.25100912218571314,0.7548727752853209,Expansion,0.8,0.15,0.05
237,,,2011-10-01,,,,,,,,,,,,,,41.3,10.3,0.5,52.1,2011 - Oct,15851.3367739292,17249.3643451486,,,1.730267248460815,,,0.4074939901561815,,,,,
238,2011-11-01,227.169,2011-11-01,0.01,,0.01,,0.05,0.13,0.23,0.38,0.9,1.45,2.01,2.73,2.99,40.7,9.0,0.4,50.1,2011 - Nov,15842.2813341229,17209.1299790163,1.9999999999999998,3.451432214581729,1.800533475602295,-0.184399320351328,0.6896787279688371,0.45053414814193443,0.07870453619381212,Expansion,0.8,0.15,0.05
239,2011-12-01,227.223,2011-12-01,0.02,,0.01,,0.05,0.12,0.27,0.41,0.97,1.55,2.11,2.82,3.12,44.8,12.6,0.9,58.3,2011 - Dec,15833.1588919715,17210.0234600591,2.1,3.062066838419386,1.1016226290873288,-0.1721389790691909,0.4468490680762511,0.14915174468487805,0.2464117684224384,Expansion,0.8,0.15,0.05
240,,,2012-01-01,,,,,,,,,,,,,,26.0,9.8,0.6,36.4,2012 - Jan,15934.1294102707,17263.3428873546,,,2.3759687592249,,,0.7089009997719493,,,,,
241,2012-02-01,228.329,2012-02-01,0.05,,0.06,,0.09,0.13,0.23,0.31,0.72,1.27,1.87,2.65,3.01,29.4,9.3,0.3,39.0,2012 - Feb,16213.8879591683,17513.30706231,1.81,2.8981784423473878,3.9866797678011823,-0.48537836613676527,0.3397961648314451,1.3932889966595503,-0.7380125481070625,Expansion,0.8,0.15,0.05
242,2012-03-01,228.807,2012-03-01,0.07,,0.08,,0.13,0.18,0.3,0.43,0.89,1.44,2.03,2.8,3.15,33.6,9.9,0.9,44.4,2012 - Mar,16058.3976304492,17324.9310035104,1.9499999999999997,2.5828752813320977,1.5654792893239788,-0.4625135526237801,0.1587857342498668,0.3264292212259406,0.2154771985227729,Expansion,0.8,0.15,0.05
243,,,2012-04-01,,,,,,,,,,,,,,37.6,14.5,0.2,52.3,2012 - Apr,16178.0830259556,17411.1805349252,,,1.8386741608919177,,,0.44802761784872713,,,,,
244,2012-05-01,228.713,2012-05-01,0.07,,0.09,,0.15,0.19,0.27,0.39,0.84,1.35,1.98,2.76,3.16,39.3,9.5,1.2,50.0,2012 - May,16227.2601235388,17479.361956351,1.89,,2.5916294471914236,-0.6315524023993904,,0.7690060041713476,,,,,
245,2012-06-01,228.524,2012-06-01,0.03,,0.07,,0.12,0.17,0.25,0.34,0.62,0.93,1.47,2.13,2.53,42.4,11.2,1.5,55.1,2012 - Jun,16216.0018504766,17443.6257170467,1.4,1.653870448297634,2.782586872539583,-1.2711006094233865,-0.3516406147234822,0.8432408330330949,0.6036800837520326,Expansion,0.8,0.15,0.05
246,,,2012-07-01,,,,,,,,,,,,,,38.3,19.0,0.9,58.2,2012 - Jul,16323.9761705003,17522.7555688257,,,2.88139769623752,,,0.8745730840812043,,,,,
247,2012-08-01,229.918,2012-08-01,0.07,,0.1,,0.14,0.17,0.24,0.32,0.63,1.03,1.56,2.25,2.6,43.3,20.5,1.0,64.8,2012 - Aug,16277.6113204998,17418.5080338744,1.46,1.6859349154821235,1.8493961752730437,-1.399692184531121,-0.3283322689631425,0.4358102631413804,1.1280480558713117,Late Cycle / High Risk,0.5,0.4,0.1
248,,,2012-09-01,,,,,,,,,,,,,,46.6,11.7,0.4,58.7,2012 - Sep,16357.0355089643,17468.3218613362,,,2.994726271592829,,,0.9273189156669606,,,,,
249,2012-10-01,231.638,2012-10-01,0.05,,0.09,,0.14,0.17,0.25,0.31,0.62,1.04,1.64,2.41,2.81,50.1,17.2,0.4,67.7,2012 - Oct,16343.6034123233,17414.4716638032,1.5499999999999998,,0.9571791478857561,-1.3973959871230084,,0.054975076349190265,,,,,
250,2012-11-01,231.249,2012-11-01,0.06,,0.09,,0.15,0.18,0.3,0.38,0.73,1.16,1.75,2.5,2.89,45.6,11.5,0.7,57.8,2012 - Nov,16410.0746859963,17490.277573932,1.66,1.7960197033926262,1.6337118451572596,-1.404168348110947,-0.2177649042720419,0.35044478457989264,1.1626060156670754,Late Cycle / High Risk,0.5,0.4,0.1
251,,,2012-12-01,,,,,,,,,,,,,,50.7,13.4,0.7,64.8,2012 - Dec,16507.578901775,17565.4925870311,,,2.065477294653162,,,0.5400048759886347,,,,,
252,,,2013-01-01,,,,,,,,,,,,,,36.9,9.9,0.7,47.5,2013 - Jan,16684.3343040666,17726.1065144927,,,2.6806142365223717,,,0.805650815651358,,,,,
253,2013-02-01,232.937,2013-02-01,0.02,,0.06,,0.11,0.15,0.27,0.4,0.88,1.4,2.04,2.83,3.21,39.6,9.7,0.4,49.7,2013 - Feb,16602.4853804673,17600.899404975,1.98,2.0181404902574807,0.5001473585391825,-0.9697918885192319,-0.04178227192984704,-0.1431271046457264,1.1338101291298819,Late Cycle / High Risk,0.5,0.4,0.1
254,2013-03-01,232.282,2013-03-01,0.07,,0.11,,0.12,0.16,0.25,0.35,0.75,1.23,1.86,2.68,3.06,45.8,15.5,0.4,61.7,2013 - Mar,16657.747315511,17660.8370275879,1.75,1.5187472411246183,1.938859231297596,-1.2745767399246855,-0.34024700922708445,0.47687575976303215,0.9678244847751954,Expansion,0.8,0.15,0.05
255,2013-04-01,231.797,2013-04-01,0.06,,0.08,,0.11,0.14,0.23,0.36,0.76,1.23,1.86,2.7,3.08,40.5,13.6,0.5,54.6,2013 - Apr,16674.5839350926,17690.6028369166,1.78,,1.6048440910190198,-1.1981528466344762,,0.32566928840925385,,,,,
256,2013-05-01,231.893,2013-05-01,0.03,,0.06,,0.08,0.11,0.2,0.3,0.65,1.07,1.66,2.44,2.83,46.3,11.2,0.8,58.3,2013 - May,16672.3563594138,17657.6744046176,1.5999999999999999,1.3903888279197085,1.0201313338088491,-1.403124978406272,-0.37223890467917264,0.07279857084888913,1.5164458598969692,Late Cycle / High Risk,0.5,0.4,0.1
257,,,2013-06-01,,,,,,,,,,,,,,47.0,17.8,1.2,66.0,2013 - Jun,16839.1207054513,17781.3289288036,,,1.9359691456053207,,,0.472565558387642,,,,,
258,2013-07-01,232.9,2013-07-01,0.01,,0.04,,0.09,0.15,0.34,0.65,1.39,1.93,2.5,3.19,3.48,47.2,19.0,0.8,67.0,2013 - Jul,16874.4448328904,17796.1231602748,2.46,,1.5600719326099632,-0.17053896125085577,,0.3110018761042402,,,,,
259,2013-08-01,233.456,2013-08-01,0.02,,0.04,,0.08,0.13,0.35,0.65,1.49,2.15,2.74,3.48,3.77,50.7,20.5,0.4,71.6,2013 - Aug,16988.7075172242,17896.9706827938,2.7,1.538809488600279,2.746863554495671,0.1646262038946335,-0.21313664793680892,0.8042601799292266,-0.8623180598554557,Expansion,0.8,0.15,0.05
260,,,2013-09-01,,,,,,,,,,,,,,50.9,18.0,0.8,69.7,2013 - Sep,16998.3616499174,17888.8448183905,,,2.4073460541454095,,,0.633872745013448,,,,,
261,2013-10-01,233.669,2013-10-01,0.1,,0.02,,0.04,0.1,0.33,0.66,1.42,2.04,2.66,3.43,3.72,56.9,15.9,0.9,73.7,2013 - Oct,17113.7003451274,17981.1971039065,2.64,0.8767991434911471,3.2543361121960768,0.08767506436391802,-0.6227517176220593,0.9688559864205726,-0.7451551919734609,Expansion,0.8,0.15,0.05
262,2013-11-01,234.1,2013-11-01,0.03,,0.04,,0.08,0.1,0.33,0.61,1.37,2.03,2.65,3.4,3.69,52.9,17.0,0.9,70.8,2013 - Nov,17222.5942664781,18055.6616082325,2.61,1.2328701961954458,3.232561815617885,0.04331212439461379,-0.3607025320633322,0.9283049894665008,-0.7912658478294484,Expansion,0.8,0.15,0.05
263,,,2013-12-01,,,,,,,,,,,,,,54.5,18.1,1.2,73.8,2013 - Dec,17239.7623884347,18012.0965121518,,,2.5425072647859093,,,0.602568738047973,,,,,
264,,,2014-01-01,,,,,,,,,,,,,,40.3,15.0,0.9,56.2,2014 - Jan,17122.8443082525,17884.2364851967,,,0.8920739056527349,,,-0.19633962753342382,,,,,
265,,,2014-02-01,,,,,,,,,,,,,,43.1,15.8,0.6,59.5,2014 - Feb,17219.8683369825,17991.354016993,,,2.218378748915728,,,0.41239470359231545,,,,,
266,,,2014-03-01,,,,,,,,,,,,,,47.8,18.8,1.0,67.6,2014 - Mar,17250.5013547732,17986.8321500049,,,1.8458645074849178,,,0.1955765418072153,,,,,
267,2014-04-01,236.468,2014-04-01,0.02,,0.04,,0.06,0.13,0.44,0.91,1.74,2.32,2.77,3.35,3.6,46.4,17.1,0.3,63.8,2014 - Apr,17404.8254258753,18109.7431674823,2.73,2.015125303606169,2.3692823496723303,0.2107694421585956,0.15363346449067117,0.4409069395874821,-0.5748596495007422,Expansion,0.8,0.15,0.05
268,2014-05-01,236.918,2014-05-01,0.02,,0.03,,0.05,0.1,0.41,0.86,1.66,2.21,2.63,3.16,3.41,52.7,19.7,1.0,73.4,2014 - May,17542.6503951014,18199.9056273447,2.6,2.166947687079812,3.0707963591473986,0.037485878106887124,0.2067515249424766,0.8198163634323639,-0.7539264790680127,Expansion,0.8,0.15,0.05
269,,,2014-06-01,,,,,,,,,,,,,,51.0,19.6,0.4,71.0,2014 - Jun,17608.0481789608,18248.5923760868,,,2.6278319756308566,,,0.5600923116677556,,,,,
270,2014-07-01,237.498,2014-07-01,0.03,,0.02,,0.06,0.11,0.47,0.9,1.66,2.17,2.58,3.13,3.4,51.5,19.8,0.6,71.9,2014 - Jul,17756.9534479279,18371.5227083714,2.56,1.9742378703305974,3.233285940507713,0.04932601860951848,-0.0829542061465795,1.0355899458719529,-1.0434388614081818,Expansion,0.8,0.15,0.05
271,2014-08-01,237.46,2014-08-01,0.01,,0.03,,0.05,0.13,0.47,0.94,1.67,2.16,2.52,3.03,3.29,54.1,31.6,1.2,86.9,2014 - Aug,17860.4404727458,18466.1069991342,2.49,1.7150983482969062,3.1800706746844654,-0.05683940495575571,-0.3529069901426674,1.0677765366306289,-0.8344836366035395,Expansion,0.8,0.15,0.05
272,,,2014-09-01,,,,,,,,,,,,,,56.9,31.0,0.6,88.5,2014 - Sep,17795.2900793087,18383.7548795831,,,2.7665847974924107,,,0.6962033816054389,,,,,
273,2014-10-01,237.43,2014-10-01,0.01,,0.02,,0.04,0.1,0.53,1.0,1.69,2.12,2.42,2.87,3.12,57.6,25.5,0.6,83.7,2014 - Oct,17902.6000067286,18491.4714397356,2.4,1.6095417021513292,2.8378218251010834,-0.14169222223465222,-0.5928739755707115,0.7512615154565411,-0.31313230543653303,Expansion,0.8,0.15,0.05
274,,,2014-11-01,,,,,,,,,,,,,,53.6,17.2,1.1,71.9,2014 - Nov,17918.2875684959,18501.2949167252,,,2.46810844244838,,,0.3120309787847187,,,,,
275,2014-12-01,236.252,2014-12-01,0.01,,0.03,,0.08,0.13,0.49,0.9,1.52,1.93,2.22,2.66,2.95,64.5,24.5,0.5,89.5,2014 - Dec,17915.3494247413,18507.8258603138,2.1900000000000004,,2.7522023759286363,-0.43660689030299626,,0.624646159655871,,,,,
276,,,2015-01-01,,,,,,,,,,,,,,45.3,19.4,0.4,65.1,2015 - Jan,18001.8789291224,18651.1472572859,,,4.28819409049972,,,2.3521982298409636,,,,,
277,,,2015-02-01,,,,,,,,,,,,,,41.8,16.3,1.2,59.3,2015 - Feb,18125.0940548313,18732.175719961,,,4.117653970169721,,,2.0361169599545597,,,,,
278,,,2015-03-01,,,,,,,,,,,,,,44.7,15.0,0.8,60.5,2015 - Mar,18063.6140160641,18616.9741375723,,,3.5033516870130343,,,1.2967993446707982,,,,,
279,2015-04-01,236.222,2015-04-01,0.02,,0.03,,0.12,0.27,0.55,0.86,1.32,1.65,1.87,2.23,2.47,53.3,22.8,1.0,77.1,2015 - Apr,18242.0118462753,18783.4242904937,1.84,-0.10403098939391064,3.7199926955400198,-0.9310885772252983,-2.284407551613053,1.5002037896290479,0.5730885634027768,Expansion,0.8,0.15,0.05
280,2015-05-01,237.001,2015-05-01,0.0,,0.01,,0.05,0.25,0.6,0.97,1.5,1.87,2.12,2.57,2.82,54.2,29.2,0.5,83.9,2015 - May,18257.7172610257,18750.0915999802,2.1100000000000003,0.03503321824429584,3.023015524920436,-0.43620757339600047,-1.956530819962805,0.7205268825484747,0.6939461008289283,Expansion,0.8,0.15,0.05
281,2015-06-01,237.657,2015-06-01,0.02,,0.02,,0.07,0.26,0.64,0.99,1.55,1.93,2.19,2.69,2.94,55.7,28.9,0.8,85.4,2015 - Jun,18339.6228926563,18813.5362458117,2.17,,3.095821628769646,-0.288339082907807,,0.8023008992439948,,,,,
282,2015-07-01,238.034,2015-07-01,0.01,,0.01,,0.13,0.28,0.69,1.08,1.7,2.14,2.43,2.92,3.2,52.1,33.2,1.0,86.3,2015 - Jul,18370.4923912804,18823.0464427926,2.4200000000000004,0.22568611104094582,2.4577371271214954,0.20186240946242784,-1.6655045947356772,0.12365102328364308,0.5072388646217677,Expansion,0.8,0.15,0.05
283,,,2015-08-01,,,,,,,,,,,,,,58.6,32.7,0.8,92.1,2015 - Aug,18376.2594514998,18827.7900600939,,,1.9586318923455526,,,-0.4204739443252189,,,,,
284,2015-09-01,237.498,2015-09-01,0.01,,0.03,,0.26,0.39,0.7,1.03,1.49,1.89,2.17,2.62,2.93,58.0,33.9,0.7,92.6,2015 - Sep,18458.1261572123,18921.7317680132,2.14,,2.926371092053537,-0.3141472260725258,,0.6847551911076153,,,,,
285,2015-10-01,237.733,2015-10-01,0.0,,0.0,,0.08,0.31,0.64,0.92,1.37,1.75,2.05,2.49,2.85,60.0,28.7,0.8,89.5,2015 - Oct,18468.4128833622,18916.5029883129,2.05,0.12761656067050708,2.2985274587935978,-0.4671822327694114,-1.6688302073080827,-0.028310886447291416,1.3299082228707442,Late Cycle / High Risk,0.5,0.4,0.1
286,,,2015-11-01,,,,,,,,,,,,,,55.2,24.6,1.1,80.9,2015 - Nov,18389.4334121858,18839.2651710991,,,1.8267383763953537,,,-0.5532762593478153,,,,,
287,2015-12-01,237.761,2015-12-01,0.19,,0.21,,0.42,0.51,0.91,1.19,1.59,1.93,2.15,2.55,2.91,69.0,25.8,0.8,95.6,2015 - Dec,18447.5647045028,18921.0712885677,1.94,0.6387247515364791,2.2328145476018246,-0.6172283001476,-1.1424984463967958,-0.06748903647397257,1.2559665598199703,Late Cycle / High Risk,0.5,0.4,0.1
288,,,2016-01-01,,,,,,,,,,,,,,46.7,24.6,1.2,72.5,2016 - Jan,18494.786568081,18980.5620765412,,,1.7661906514979453,,,-0.6005456901701535,,,,,
289,2016-02-01,237.336,2016-02-01,0.19,,0.35,,0.47,0.47,0.81,1.01,1.38,1.72,1.97,2.38,2.77,51.4,18.3,1.5,71.2,2016 - Feb,18466.9785605662,18956.2484442753,1.62,,1.196191663286239,-1.181086781274341,,-1.2374425803344926,,,,,
290,2016-03-01,238.08,2016-03-01,0.29,,0.33,,0.5,0.68,0.85,0.98,1.31,1.62,1.83,2.28,2.7,55.4,22.7,0.7,78.8,2016 - Mar,18616.0338713969,19068.5556232825,1.5,,2.4256438364966604,-1.3729240695957694,,0.1675519822871506,,,,,
291,2016-04-01,238.992,2016-04-01,0.2,,0.23,,0.4,0.62,0.76,0.9,1.24,1.56,1.79,2.2,2.62,55.6,17.6,0.6,73.8,2016 - Apr,18690.9759215421,19078.0730089199,1.56,1.1726257503534843,1.5686634868559146,-1.2384128738534186,-0.552852948683897,-0.7954585817062654,2.3102979299016324,Recession,0.2,0.6,0.2
292,,,2016-05-01,,,,,,,,,,,,,,60.2,22.6,0.7,83.5,2016 - May,18695.6241951276,19050.4121609354,,,1.601701833582081,,,-0.748745683230641,,,,,
293,2016-06-01,240.222,2016-06-01,0.27,,0.3,,0.49,0.7,0.91,1.07,1.39,1.67,1.85,2.22,2.63,65.9,31.2,0.8,97.9,2016 - Jun,18748.5058833634,19059.8577857904,1.55,1.0792865347959424,1.3092782598674635,-1.2074395727743912,-0.5810210716394526,-1.0904552901110542,2.5884053987051714,Recession,0.2,0.6,0.2
294,2016-07-01,240.101,2016-07-01,0.24,,0.28,,0.37,0.45,0.59,0.71,1.0,1.27,1.46,1.81,2.24,61.2,31.5,0.7,93.4,2016 - Jul,18794.5589601443,19115.3573831372,1.18,0.8683633430518256,1.5529417155347058,-1.9922111556140485,-0.7255857530856691,-0.8352862346518485,3.1902902668087316,Recession,0.2,0.6,0.2
295,2016-08-01,240.545,2016-08-01,0.2,,0.29,,0.4,0.5,0.67,0.78,1.06,1.33,1.51,1.84,2.24,66.0,31.1,0.9,98.0,2016 - Aug,18879.5040214672,19193.5844562949,1.22,,1.9428429732510688,-1.7807867636652428,,-0.39268087778213157,,,,,
296,2016-09-01,241.176,2016-09-01,0.27,,0.33,,0.47,0.6,0.78,0.91,1.18,1.44,1.57,1.9,2.23,63.7,25.3,1.2,90.2,2016 - Sep,19003.8540183703,19284.9046815544,1.24,1.5486446201652182,1.919342890988096,-1.6176514503413777,0.042721419511789795,-0.4745209375088854,2.113533097606158,Recession,0.2,0.6,0.2
297,,,2016-10-01,,,,,,,,,,,,,,70.0,26.1,0.6,96.7,2016 - Oct,18982.2898131388,19217.8669894781,,,1.593127447242182,,,-0.866510694696283,,,,,
298,2016-11-01,242.026,2016-11-01,0.24,,0.35,,0.5,0.65,0.83,0.99,1.3,1.61,1.83,2.24,2.58,67.3,31.9,0.8,100.0,2016 - Nov,19104.9993052823,19331.3023307797,1.48,,2.6117640747231663,-1.0375911880090753,,0.3538232413967144,,,,,
299,2016-12-01,242.637,2016-12-01,0.32,,0.48,,0.6,0.82,1.14,1.45,1.9,2.25,2.45,2.82,3.1,75.0,28.0,0.6,103.6,2016 - Dec,19180.8478815663,19363.9048721751,1.9700000000000002,2.0507989115119862,2.3404255332781565,0.040805399864930265,0.8532278591280715,-0.0012581762737041335,0.3870667059728096,Expansion,0.8,0.15,0.05
300,,,2017-01-01,,,,,,,,,,,,,,55.0,19.4,0.2,74.6,2017 - Jan,19221.2997924464,19348.8836935529,,,1.9405200727270477,,,-0.4870409102304099,,,,,
301,2017-02-01,244.006,2017-02-01,0.5,,0.51,,0.65,0.83,1.22,1.49,1.93,2.27,2.48,2.8,3.08,52.7,25.1,1.1,78.9,2017 - Feb,19261.728829027,19374.8945741197,1.97,2.8103616813294208,2.2084861942755607,0.03138572546117408,1.8648971675220063,-0.12335713080736604,1.0244199891071952,Late Cycle / High Risk,0.5,0.4,0.1
302,2017-03-01,243.892,2017-03-01,0.46,,0.63,,0.79,0.92,1.29,1.57,1.99,2.29,2.46,2.81,3.06,62.4,28.3,1.3,92.0,2017 - Mar,19357.2233785089,19471.2928537056,1.83,2.44119623655914,2.112048958398094,-0.2679845705235093,1.4017158408234152,-0.26077708633108815,1.229619577266305,Late Cycle / High Risk,0.5,0.4,0.1
303,,,2017-04-01,,,,,,,,,,,,,,60.1,21.7,1.6,83.4,2017 - Apr,19323.2382902411,19396.7209122664,,,1.6702310720664304,,,-0.826434916541644,,,,,
304,2017-05-01,244.004,2017-05-01,0.67,,0.83,,0.98,1.09,1.28,1.48,1.84,2.13,2.33,2.71,3.0,66.9,30.3,0.9,98.1,2017 - May,19439.0871189407,19514.8204537966,1.5,,2.4377860643535643,-0.9548133383920347,,0.16721379644080403,,,,,
305,2017-06-01,244.163,2017-06-01,0.82,,0.98,,1.07,1.16,1.28,1.45,1.76,2.02,2.21,2.6,2.87,71.3,37.5,1.1,109.9,2017 - Jun,19553.6035908347,19609.3469624772,1.23,1.640565809959127,2.8829657747837967,-1.5076650436141208,0.3369525772868541,0.7387775836125307,0.9373637486450173,Expansion,0.8,0.15,0.05
306,,,2017-07-01,,,,,,,,,,,,,,69.4,32.1,0.7,102.2,2017 - Jul,19583.7367167118,19604.0938311724,,,2.5567737931300183,,,0.32642692056533096,,,,,
307,2017-08-01,245.183,2017-08-01,1.0,,1.08,,1.15,1.22,1.34,1.5,1.8,2.07,2.26,2.61,2.86,65.6,36.2,0.3,102.1,2017 - Aug,19662.076304844,19634.3675627143,1.1799999999999997,1.92812155729698,2.2965127093539595,-1.5645518678468628,0.7023575899872871,-0.020102134497760524,1.935832797338267,Late Cycle / High Risk,0.5,0.4,0.1
308,2017-09-01,246.435,2017-09-01,0.96,,1.02,,1.1,1.24,1.35,1.46,1.73,1.99,2.16,2.51,2.77,68.2,27.3,0.7,96.2,2017 - Sep,19831.9719784958,19743.8106898114,1.1400000000000001,2.1805652303711787,2.3796125302912863,-1.570141509660826,0.997022294319418,0.1017563790596623,1.9668962777608727,Late Cycle / High Risk,0.5,0.4,0.1
309,,,2017-10-01,,,,,,,,,,,,,,73.3,33.1,0.5,106.9,2017 - Oct,19880.0782189014,19758.1182303781,,,2.8111925282643835,,,0.6404331852883874,,,,,
310,2017-11-01,247.284,2017-11-01,1.06,,1.18,,1.3,1.46,1.61,1.74,2.01,2.22,2.37,2.63,2.85,68.1,26.0,1.0,95.1,2017 - Nov,20068.4201637314,19912.8847331787,1.1900000000000002,2.172493864295566,3.0085008885976094,-1.4162660458727134,0.954729942338946,0.8746647483840283,1.0189662686581582,Late Cycle / High Risk,0.5,0.4,0.1
311,2017-12-01,247.805,2017-12-01,1.14,,1.27,,1.45,1.62,1.78,1.9,2.13,2.28,2.37,2.58,2.76,82.4,29.8,1.2,113.4,2017 - Dec,20162.7656174759,19975.9895028262,1.1,2.129930719552253,3.160956608140708,-1.5223016386773949,0.8707143457668349,1.045808712954302,0.9118500986065102,Expansion,0.8,0.15,0.05
312,,,2018-01-01,,,,,,,,,,,,,,59.8,23.5,0.7,84.0,2018 - Jan,20256.8388893819,20006.9550516793,,,3.401081780990145,,,1.330071364531289,,,,,
313,2018-02-01,249.529,2018-02-01,1.41,,1.48,,1.64,1.89,2.16,2.33,2.56,2.72,2.78,2.9,3.01,61.3,26.9,0.4,88.6,2018 - Feb,20380.1053621717,20092.3645864266,1.2999999999999998,2.263468931091861,3.7030911810238765,-1.0821054853770773,1.0233153402176247,1.7059486880505674,-0.11218553256467778,Expansion,0.8,0.15,0.05
314,2018-03-01,249.577,2018-03-01,1.5,,1.63,,1.85,2.05,2.22,2.36,2.58,2.74,2.81,2.97,3.09,67.1,27.0,0.8,94.9,2018 - Mar,20348.714748537,20032.8834147017,1.1800000000000002,2.3309497646499366,2.8841975990784086,-1.2550660462482286,1.050224452511851,0.5799678929589115,1.2002103795452426,Late Cycle / High Risk,0.5,0.4,0.1
315,,,2018-04-01,,,,,,,,,,,,,,61.0,32.8,0.9,94.7,2018 - Apr ,20470.0801875715,20086.372871925,,,3.5555079787865873,,,1.4336972755768984,,,,,
316,2018-05-01,250.792,2018-05-01,1.68,,1.85,,2.05,2.26,2.5,2.66,2.82,2.93,2.97,3.03,3.13,74.1,30.6,1.0,105.7,2018 - May,20621.6126475119,20183.6650562639,1.12,2.781921607842497,3.427367441329321,-1.3001674007261539,1.4912277914189234,1.2338458558851504,0.8119354405504652,Expansion,0.8,0.15,0.05
317,2018-06-01,251.018,2018-06-01,1.74,,1.92,,2.1,2.28,2.47,2.61,2.74,2.85,2.89,2.96,3.04,75.6,32.2,0.8,108.6,2018 - Jun,20651.0431649643,20181.4008569303,0.9700000000000002,2.8075506935940187,2.917251122884079,-1.5012130721544035,1.4383639355908082,0.513659166781627,1.7067358731681805,Late Cycle / High Risk,0.5,0.4,0.1
318,,,2018-07-01,,,,,,,,,,,,,,67.6,33.7,0.6,101.9,2018 - Jul,20752.1650674366,20258.8100867755,,,3.3396915013844675,,,1.0607396369618947,,,,,
319,2018-08-01,251.663,2018-08-01,1.93,,2.03,,2.22,2.45,2.67,2.78,2.87,2.96,3.0,3.07,3.13,83.6,29.9,0.4,113.9,2018 - Aug,20813.6099365419,20294.3088960696,0.9700000000000002,2.6429238568742575,3.36115401347854,-1.4064782702866225,1.167399047886642,1.0662133493424666,0.923964444887477,Expansion,0.8,0.15,0.05
320,,,2018-09-01,,,,,,,,,,,,,,72.7,27.3,0.9,100.9,2018 - Sep,20830.4149960164,20275.3762574696,,,2.692314953832664,,,0.1423126860964086,,,,,
321,2018-10-01,252.772,2018-10-01,2.13,,2.23,,2.4,2.6,2.82,2.9,2.96,3.04,3.09,3.18,3.24,75.5,23.9,0.8,100.2,2018 - Oct,20888.4481873377,20281.9962897569,0.8599999999999999,,2.6514572555464078,-1.5224630809879385,,0.10075609122691144,,,,,
322,2018-11-01,252.594,2018-11-01,2.21,2.28,2.32,,2.49,2.67,2.84,2.91,2.96,3.06,3.14,3.29,3.38,66.9,24.1,0.9,91.9,2018 - Nov,20912.7347600005,20302.7526587963,0.8200000000000003,2.147328577667773,1.9578676361642566,-1.5155871280906883,0.5230783449099927,-0.8293505724024933,2.606476872948178,Recession,0.2,0.6,0.2
323,,,2018-12-01,,,,,,,,,,,,,,74.9,23.7,1.0,99.6,2018 - Dec,20952.4180526947,20329.8982055024,,,1.7716704477949818,,,-1.058811496017208,,,,,
324,,,2019-01-01,,,,,,,,,,,,,,64.2,22.8,0.2,87.2,2019 - Jan,21088.3299857671,20443.432855588,,,2.181630351951358,,,-0.550049300529848,,,,,
325,2019-02-01,253.319,2019-02-01,2.41,2.42,2.4,,2.46,2.56,2.52,2.5,2.51,2.59,2.7,2.88,3.03,57.6,33.3,1.2,92.1,2019 - Feb,21077.0836788358,20392.2949499004,0.30000000000000027,1.5188615351321877,1.492757918977916,-2.2485697823713684,-0.19682357831391645,-1.4924210591668972,3.839402630695224,Recession,0.2,0.6,0.2
326,2019-03-01,254.277,2019-03-01,2.44,2.46,2.44,,2.52,2.55,2.55,2.54,2.56,2.67,2.76,2.97,3.13,75.2,28.7,1.0,104.9,2019 - Mar,21169.3863354078,20459.239480134,0.31999999999999984,1.8831863513063984,2.128281069710658,-2.057872336125188,0.22598821490507345,-0.6084752621696408,2.7793417057473655,Recession,0.2,0.6,0.2
327,2019-04-01,255.233,2019-04-01,2.42,2.43,2.43,,2.46,2.41,2.33,2.29,2.31,2.4,2.49,2.71,2.89,72.4,30.1,0.9,103.4,2019 - Apr,21310.7547668673,20529.3290650779,0.06000000000000005,,2.2052572456823683,-2.301939709181453,,-0.4950129899942978,,,,,
328,2019-05-01,255.296,2019-05-01,2.42,2.41,2.43,,2.44,2.39,2.31,2.28,2.31,2.41,2.52,2.74,2.92,74.6,28.4,0.3,103.3,2019 - May,21370.1811993959,20575.4201591195,0.08999999999999986,1.7959105553606136,1.9409512680850893,-2.1044246413279626,0.14909757994059664,-0.8403267097750806,3.0193001410733413,Recession,0.2,0.6,0.2
329,,,2019-06-01,,,,,,,,,,,,,,76.9,26.0,1.0,103.9,2019 - Jun,21512.878033661,20702.1337328995,,,2.580261299306086,,,0.06211580938182877,,,,,
330,2019-07-01,255.802,2019-07-01,2.17,2.16,2.21,,2.1,1.94,1.78,1.74,1.79,1.9,2.03,2.34,2.55,75.9,31.6,1.0,108.5,2019 - Jul,21679.5071443419,20812.6545302421,-0.18000000000000016,,2.733844885727721,-2.322425405107778,,0.29263471557789483,,,,,
331,2019-08-01,256.036,2019-08-01,2.11,2.14,2.07,,2.04,1.88,1.73,1.67,1.68,1.77,1.9,2.21,2.44,83.3,32.5,1.0,116.8,2019 - Aug,21711.1390372519,20839.6259920578,-0.16999999999999993,1.7376412106666406,2.6870444260056248,-2.1441540986135617,0.09078133563756978,0.23947593160878689,1.9500688348235597,Late Cycle / High Risk,0.5,0.4,0.1
332,,,2019-09-01,,,,,,,,,,,,,,72.9,23.2,0.2,96.3,2019 - Sep,21760.8668183714,20877.7114444227,,,2.970771931944771,,,0.6389781495246464,,,,,
333,2019-10-01,257.155,2019-10-01,1.79,1.77,1.82,,1.81,1.73,1.56,1.51,1.51,1.59,1.65,1.93,2.11,84.0,29.6,0.5,114.1,2019 - Oct,21805.5075501708,20898.7448218171,-0.17000000000000015,1.7339736996186295,3.0408669997227245,-2.002105274396419,0.08135576691137843,0.7320659751590763,1.310717182693032,Late Cycle / High Risk,0.5,0.4,0.1
334,2019-11-01,257.879,2019-11-01,1.58,1.58,1.52,,1.55,1.53,1.56,1.55,1.55,1.63,1.73,2.03,2.21,78.7,22.0,0.7,101.4,2019 - Nov,21969.7076577441,21027.912456659,0.20999999999999996,2.092290394862917,3.571731429967051,-1.410343206836168,0.48697836706598785,1.4352728064909406,0.21855958387822144,Expansion,0.8,0.15,0.05
335,,,2019-12-01,,,,,,,,,,,,,,87.6,34.9,0.6,123.1,2019 - Dec,22024.4357920916,21029.9066525732,,,3.4432461982585982,,,1.2243589821052465,,,,,
336,,,2020-01-01,,,,,,,,,,,,,,62.5,27.0,0.7,90.2,2020 - Jan,22080.4728666573,21015.0655290385,,,2.796167735079047,,,0.3843422699215769,,,,,
337,,,2020-02-01,,,,,,,,,,,,,,70.8,19.4,0.6,90.8,2020 - Feb,22118.2772651058,21056.4863093104,,,3.25707018774386,,,1.1151025262376693,,,,,
338,,,2020-03-01,,,,,,,,,,,,,,72.3,28.7,0.7,101.7,2020 - Mar,21054.9638681473,20057.0269687251,,,-1.9659211272220256,,,-5.0512034348862285,,,,,
339,2020-04-01,256.032,2020-04-01,0.03,0.07,0.09,,0.14,0.16,0.23,0.28,0.37,0.51,0.62,1.04,1.27,69.3,24.6,0.7,94.6,2020 - Apr,19029.574425379,18247.6265714084,0.53,0.3130472940411133,-11.114354913580037,-0.8947338188195371,-1.680664017804732,-6.843643568305085,8.578709396026987,Recession,0.2,0.6,0.2
340,2020-05-01,255.802,2020-05-01,0.1,0.11,0.12,,0.12,0.17,0.2,0.25,0.36,0.53,0.64,1.04,1.27,69.5,27.7,1.3,98.5,2020 - May,19899.3239809617,19040.6982853728,0.52,0.1982013035848551,-7.459006240834776,-0.8636186232570855,-1.8528472796929107,-4.108881009728819,5.89892327283236,Recession,0.2,0.6,0.2
341,2020-06-01,257.042,2020-06-01,0.12,0.14,0.14,,0.18,0.17,0.14,0.2,0.31,0.5,0.66,1.22,1.46,81.8,28.5,0.4,110.7,2020 - Jun,20945.9745937508,19948.1358963516,0.52,,-3.642126199531104,-0.8209020806734526,,-2.2955543954315174,,,,,
342,2020-07-01,258.352,2020-07-01,0.12,0.12,0.14,,0.17,0.16,0.17,0.19,0.31,0.52,0.69,1.2,1.43,79.5,36.7,0.9,117.1,2020 - Jul,21488.6926587627,20381.907913811,0.5499999999999999,0.9968647625897997,-2.0696380454746865,-0.7410411285246583,-0.9441798775312246,-1.5777467670533347,2.7908778343436054,Recession,0.2,0.6,0.2
343,,,2020-08-01,,,,,,,,,,,,,,78.9,31.3,1.0,111.2,2020 - Aug,21678.5591035656,20534.2524887679,,,-1.4653502102498495,,,-1.2903418095091796,,,,,
344,2020-09-01,259.997,2020-09-01,0.09,0.11,0.12,,0.13,0.12,0.13,0.14,0.26,0.46,0.68,1.2,1.43,78.6,41.4,1.1,121.1,2020 - Sep,21946.0592375342,20764.7010506867,0.56,,-0.5412968468159862,-0.6865773092376127,,-0.8929403267719185,,,,,
345,2020-10-01,260.319,2020-10-01,0.09,0.09,0.09,,0.1,0.12,0.14,0.16,0.27,0.46,0.68,1.23,1.45,80.7,38.8,1.3,120.8,2020 - Oct,22100.9733804914,20869.2559575319,0.5900000000000001,1.2303863428671624,-0.1411035185922671,-0.6002349303483603,-0.7453142540144517,-0.7145995816563411,1.6874916390119272,Late Cycle / High Risk,0.5,0.4,0.1
346,,,2020-11-01,,,,,,,,,,,,,,75.6,23.4,0.8,99.8,2020 - Nov,21956.8490682725,20684.1751112024,,,-1.6346717543412104,,,-1.2662261895736913,,,,,
347,2020-12-01,262.045,2020-12-01,0.07,0.07,0.09,,0.1,0.12,0.17,0.22,0.42,0.68,0.92,1.46,1.66,92.0,37.3,1.2,130.5,2020 - Dec,22203.6575512144,20826.0679580682,0.8300000000000001,,-0.9692800727675088,-0.16786017518343418,,-0.977498386603715,,,,,
348,,,2021-01-01,,,,,,,,,,,,,,72.2,21.1,0.4,93.7,2021 - Jan,22616.3452627911,21108.71278826,,,0.4456196393587186,,,-0.4192953827289392,,,,,
349,2021-02-01,263.573,2021-02-01,0.06,0.07,0.07,,0.08,0.08,0.11,0.17,0.42,0.76,1.09,1.66,1.84,72.5,21.5,0.6,94.6,2021 - Feb,22403.6083993677,20834.9070526259,1.02,,-1.0523087918354546,0.18289427160170108,,-0.9771960877492482,,,,,
350,2021-03-01,264.847,2021-03-01,0.03,0.03,0.05,,0.07,0.08,0.13,0.27,0.71,1.12,1.45,2.11,2.23,83.9,36.1,0.5,120.5,2021 - Mar,23022.1253378341,21306.9061554648,1.4,,6.231627392677064,0.8455779468450748,,1.751674380061685,,,,,
351,2021-04-01,266.625,2021-04-01,0.02,0.02,0.02,,0.04,0.06,0.17,0.35,0.9,1.37,1.69,2.24,2.34,78.9,33.3,0.2,112.4,2021 - Apr,23239.3582253204,21409.3885792589,1.67,4.137373453318349,17.326976719287757,1.2999633233988757,2.7485705580437663,4.618510358418671,-4.544188402795664,Expansion,0.8,0.15,0.05
352,,,2021-05-01,,,,,,,,,,,,,,80.3,31.4,0.3,112.0,2021 - May,23426.2774156027,21442.3526221444,,,12.613268173135062,,,2.919100889083346,,,,,
353,2021-06-01,270.71,2021-06-01,0.01,0.01,0.02,,0.04,0.04,0.16,0.31,0.81,1.28,1.62,2.22,2.3,80.9,34.4,0.6,115.9,2021 - June,23612.0943590636,21474.9769506261,1.6,5.317418943207719,7.654053803361904,1.1743616301702604,3.196550627060487,1.4967540251352143,-1.0728403417752312,Expansion,0.8,0.15,0.05
354,2021-07-01,271.965,2021-07-01,0.05,0.05,0.05,,0.05,0.09,0.25,0.47,0.89,1.24,1.48,2.01,2.07,78.5,41.5,1.4,121.4,2021 - July,23838.5892922582,21578.8372338183,1.43,5.269167647240969,5.872508722288194,0.865305922804741,2.634940482306624,0.9885039551433994,-0.5363396367948285,Expansion,0.8,0.15,0.05
355,,,2021-08-01,,,,,,,,,,,,,,83.0,34.0,0.6,117.6,2021 - Aug,23957.8138647347,21579.7492897211,,,5.0914772842356015,,,0.7617041480358302,,,,,
356,2021-09-01,273.942,2021-09-01,0.04,0.06,0.05,,0.06,0.07,0.2,0.42,0.78,1.08,1.31,1.84,1.92,79.0,23.4,0.6,103.0,2021 - Sep,24150.7338430389,21698.7022309876,1.26,5.363523425270289,4.4980237279650614,0.5822562049736146,2.3276047078535615,0.5905395648358476,-0.008993415882681433,Expansion,0.8,0.15,0.05
357,2021-10-01,276.528,2021-10-01,0.08,0.04,0.04,,0.05,0.09,0.27,0.49,0.93,1.26,1.48,1.99,2.04,83.0,26.6,1.2,110.8,2021 - Oct,24622.8712295386,21942.4038061331,1.44,6.226591220771449,5.142242975911615,0.8655625199912427,2.562457804571397,0.7424800118034556,-0.32681362950899984,Expansion,0.8,0.15,0.05
358,2021-11-01,278.824,2021-11-01,0.05,0.09,0.05,,0.06,0.15,0.5,0.79,1.2,1.46,1.58,2.01,1.98,78.2,32.8,0.7,111.7,2021 - Nov,24755.5011828282,21921.0330197435,1.53,,5.97973040690043,1.0133361144488846,,0.9416953976292555,,,,,
359,2021-12-01,280.806,2021-12-01,0.09,0.04,0.06,,0.1,0.25,0.56,0.85,1.15,1.35,1.43,1.84,1.77,99.2,27.6,0.5,127.3,2021 - Dec,25062.4275875455,22106.8109445057,1.3699999999999999,7.159457345112474,6.149710972883526,0.7966606106235046,2.6538952666389366,0.9618576842366047,-0.43157066154064094,Expansion,0.8,0.15,0.05
360,,,2022-01-01,,,,,,,,,,,,,,65.6,20.6,0.9,87.1,2022 - Jan,25023.9319782996,21906.3341025754,,,3.7786354967083158,,,0.33687315063382006,,,,,
361,2022-02-01,284.525,2022-02-01,0.04,0.1,0.19,,0.48,0.78,1.18,1.39,1.63,1.76,1.81,2.19,2.12,78.6,19.5,0.5,98.6,2022 - Feb,25158.3272927873,21871.1505265046,1.62,7.949220898953979,4.973592976735164,1.2812375870985868,2.608818826577703,0.6332855153541059,-0.6101136891638412,Expansion,0.8,0.15,0.05
362,2022-03-01,287.467,2022-03-01,0.11,0.21,0.32,,0.6,0.91,1.31,1.47,1.56,1.67,1.72,2.19,2.11,87.9,23.9,0.9,112.7,2022 - Mar,25568.7817287967,22024.6654043641,1.4,8.540780148538584,3.3686694992797417,0.9313680732688999,2.46913815523114,0.2121162419105136,0.09108476243615637,Expansion,0.8,0.15,0.05
363,2022-04-01,288.582,2022-04-01,0.15,0.37,0.53,,1.09,1.72,2.44,2.61,2.55,2.5,2.39,2.6,2.44,81.2,25.0,1.2,107.4,2022 - Apr,25647.189975518,21999.6361825795,1.86,8.235161744022502,2.756956842253877,1.688878440127005,2.104803118361921,0.04905608786604963,-0.6855329688120939,Expansion,0.8,0.15,0.05
364,,,2022-05-01,,,,,,,,,,,,,,87.1,33.3,0.5,120.9,2022 - May,25853.4713831857,21970.2687807803,,,2.4620253567264827,,,-0.02744805911358154,,,,,
365,2022-06-01,295.072,2022-06-01,0.77,0.9,1.15,,1.63,2.16,2.66,2.84,2.94,2.98,2.94,3.31,3.09,87.5,34.3,0.6,122.4,2022 - Jun,26083.2146413447,21935.3914822139,1.79,8.999298141923106,2.1439582107415367,1.5239700036915957,2.141276068086881,-0.10664592211074292,-0.3466860475374123,Expansion,0.8,0.15,0.05
366,2022-07-01,294.94,2022-07-01,1.27,1.68,1.73,,2.52,2.79,2.84,2.85,2.88,2.92,2.88,3.35,3.11,82.9,40.2,0.4,123.5,2022 - Jul,26142.8992654524,22024.7800052718,1.15,8.447778206754553,2.0665746102140448,0.40035900308780853,1.789697215705335,-0.12455777209875658,0.6190473768636156,Expansion,0.8,0.15,0.05
367,2022-08-01,295.162,2022-08-01,2.22,2.33,2.56,,2.96,2.98,2.9,2.82,2.66,2.64,2.6,3.12,2.92,90.0,31.6,0.6,122.2,2022 - Aug,26434.947298733,22205.714721205,0.040000000000000036,,2.900707617497944,-1.4696686322454366,,0.08886918739425047,,,,,
368,2022-09-01,296.421,2022-09-01,2.53,2.8,2.97,,3.34,3.51,3.51,3.54,3.39,3.36,3.26,3.64,3.37,88.5,31.8,0.1,120.4,2022 - Sep,26431.0654358402,22150.6993770594,0.2899999999999996,8.205751582451759,2.0830607345093233,-0.992520151542333,1.5288569916447923,-0.12159877282695825,1.8785474201916874,Late Cycle / High Risk,0.5,0.4,0.1
369,,,2022-10-01,,,,,,,,,,,,,,84.7,31.9,1.5,118.1,2022 - Oct,26690.5544639676,22244.0794867221,,,1.374852469466803,,,-0.29857930932425786,,,,,
370,2022-11-01,298.708,2022-11-01,3.72,4.0,4.23,4.35,4.58,4.75,4.54,4.48,4.27,4.18,4.07,4.37,4.14,91.3,33.1,0.7,125.1,2022 - Nov,26823.9605589553,22289.6356171446,-0.16000000000000014,7.131380368978291,1.6815019486951632,-1.6451930797210375,1.0743614574320255,-0.21344855639485502,2.395822364831905,Recession,0.2,0.6,0.2
371,2022-12-01,298.808,2022-12-01,4.04,4.24,4.33,4.52,4.65,4.66,4.25,3.98,3.68,3.62,3.53,3.85,3.64,96.8,33.9,1.3,132.0,2022 - Dec,26797.0269770807,22305.5603843889,-0.8000000000000003,6.410831677385809,0.8990416590711092,-2.4164791427957866,0.7710725515249858,-0.40564535684777214,3.2076607754060515,Recession,0.2,0.6,0.2
372,,,2023-01-01,,,,,,,,,,,,,,71.0,23.2,0.6,94.8,2023 - Jan,27121.7863330924,22428.9314429849,,,2.3855992424951733,,,-0.01715282109073085,,,,,
373,2023-02-01,301.476,2023-02-01,4.59,4.63,4.66,4.77,4.79,4.66,4.09,3.75,3.48,3.43,3.39,3.67,3.55,76.9,34.4,0.4,111.7,2023 - Feb,27147.7614351504,22365.6509404606,-1.27,5.957648712766894,2.260971197453654,-2.738347703912028,0.5717622433813341,-0.04319727726558232,3.067426102868277,Recession,0.2,0.6,0.2
374,2023-03-01,301.643,2023-03-01,4.67,4.82,4.9,5.02,5.2,5.06,4.89,4.61,4.27,4.17,4.01,4.17,3.97,87.2,38.2,1.0,126.4,2023 - Mar,27379.7872317769,22528.3282942928,-0.8900000000000006,4.931348641757127,2.2868129012707072,-2.036477383501445,0.18495913705772765,-0.03393794211062854,2.1628948941409374,Recession,0.2,0.6,0.2
375,,,2023-04-01,,,,,,,,,,,,,,77.4,32.6,1.3,111.3,2023 - Apr,27436.3461206652,22532.418307993,,,2.4217769830002345,,,0.005883358723984474,,,,,
376,2023-05-01,303.316,2023-05-01,4.49,5.17,5.27,5.22,5.14,4.86,4.14,3.85,3.64,3.62,3.59,3.95,3.84,84.4,43.7,1.5,129.6,2023 - May,27493.9320251762,22574.8549776182,-1.6799999999999997,,2.751837962796322,-2.6873018332675276,,0.09432904405193977,,,,,
377,2023-06-01,304.099,2023-06-01,5.3,5.39,5.5,5.5,5.44,5.11,4.33,3.98,3.7,3.66,3.61,3.98,3.84,87.2,43.2,0.7,131.1,2023 - Jun,27659.88685416,22638.2790287973,-1.8900000000000001,3.0592533347792994,3.2043537821211387,-2.592265635124671,-0.49121962986782264,0.21029864154239908,2.6275768085161832,Recession,0.2,0.6,0.2
378,,,2023-07-01,,,,,,,,,,,,,,83.0,31.8,0.9,115.7,2023 - Jul,27840.1830110452,22743.5017707105,,,3.263241518265647,,,0.22590220337297912,,,,,
379,2023-08-01,306.138,2023-08-01,5.49,5.54,5.54,5.57,5.54,5.38,4.92,4.57,4.24,4.15,4.05,4.3,4.11,82.4,38.6,1.1,122.1,2023 - Aug,28112.9288795703,22859.3878914362,-1.4900000000000002,3.7186358677607556,2.943715968786109,-1.9920287464412185,-0.27624118267463776,0.14497373544306677,1.9851756023354707,Late Cycle / High Risk,0.5,0.4,0.1
380,2023-09-01,307.374,2023-09-01,5.51,5.55,5.53,5.58,5.47,5.36,4.87,4.57,4.29,4.27,4.18,4.48,4.29,83.8,38.4,0.8,123.0,2023 - Sep,28271.4261094125,22924.1952802554,-1.3500000000000005,3.6950823322234427,3.491970569548153,-1.7542939235919792,-0.2794868947229464,0.283433719805068,1.6106036511483843,Late Cycle / High Risk,0.5,0.4,0.1
381,,,2023-10-01,,,,,,,,,,,,,,85.2,32.3,1.1,118.6,2023 - Oct,28203.3676515318,22863.4169589079,,,2.7842800712679194,,,0.09955531645835378,,,,,
382,2023-11-01,308.087,2023-11-01,5.56,5.55,5.57,5.54,5.51,5.37,4.95,4.76,4.67,4.75,4.77,5.13,4.96,79.7,36.8,1.2,117.7,2023 - Nov,28375.2406340554,22998.5598801451,-0.8000000000000007,3.139855644977696,3.180510777193768,-1.1321075444911686,-0.49291594829845625,0.1968575562454307,1.181707962394966,Late Cycle / High Risk,0.5,0.4,0.1
383,2023-12-01,308.735,2023-12-01,5.55,5.53,5.43,5.45,5.33,5.05,4.56,4.31,4.14,4.22,4.22,4.58,4.4,100.6,45.1,1.1,146.8,2023 - Dec,28695.5577143738,23243.3446976821,-1.21,3.322200208829762,4.20426251182433,-1.4659352190985047,-0.41947499600670013,0.4507699813305314,1.2249027357713231,Late Cycle / High Risk,0.5,0.4,0.1
384,,,2024-01-01,,,,,,,,,,,,,,61.8,40.3,1.3,103.4,2024 - Jan,28411.8639190631,22920.3850248853,,,2.1911591425997745,,,-0.06976141958757612,,,,,
385,,,2024-02-01,,,,,,,,,,,,,,81.6,41.9,0.9,124.4,2024 - Feb,28818.6151964155,23172.7855378985,,,3.6088133521647414,,,0.28760748395980423,,,,,
386,,,2024-03-01,,,,,,,,,,,,,,78.9,41.5,2.1,122.5,2024 - Mar,28894.0038845678,23157.3268014343,,,2.79203365169729,,,0.07360664223527515,,,,,
387,,,2024-04-01,,,,,,,,,,,,,,91.0,39.9,1.2,132.1,2024 - Apr,29046.5662158091,23222.2084346519,,,3.0613231000340857,,,0.13951755733966253,,,,,
388,,,2024-05-01,,,,,,,,,,,,,,86.2,46.9,1.2,134.3,2024 - May,29171.3714092484,23318.8846701703,,,3.2958337641139535,,,0.19427270371791763,,,,,
389,,,2024-06-01,,,,,,,,,,,,,,93.1,57.4,1.8,152.3,2024 - Jun,29223.1943749162,23322.6247145059,,,3.0229580828033287,,,0.12182514142295181,,,,,
390,,,2024-07-01,,,,,,,,,,,,,,91.3,52.5,0.6,144.4,2024 - Jul,29496.7320791719,23484.6343574867,,,3.258656447225916,,,0.18042646070140383,,,,,
391,,,2024-08-01,,,,,,,,,,,,,,89.3,67.1,1.7,158.1,2024 - Aug,29503.5654230168,23478.6649680362,,,2.7090711244809773,,,0.038345508274754414,,,,,
392,,,2024-09-01,,,,,,,,,,,,,,84.6,53.9,1.0,139.5,2024 - Sep,29534.6944978337,23476.706764474,,,2.4101674124826333,,,-0.036465571027721605,,,,,
393,,,2024-10-01,,,,,,,,,,,,,,85.8,55.2,1.4,142.4,2024 - Oct,29768.8021833134,23572.788358403,,,3.102648220823867,,,0.14218105141702914,,,,,
394,,,2024-11-01,,,,,,,,,,,,,,85.1,44.2,1.3,130.6,2024 - Nov,29867.4100295981,23632.241722211,,,2.755310964548552,,,0.05598951560111378,,,,,
395,,,2024-12-01,,,,,,,,,,,,,,89.8,50.8,2.2,142.8,2024 - Dec,29839.3337871111,23558.973176935,,,1.3579305532752217,,,-0.2961788962465435,,,,,
396,,,2025-01-01,,,,,,,,,,,,,,68.5,43.7,1.3,113.5,2025 - Jan,29970.57874955159,23547.488536884204,,,2.7360077560566243,,,0.06022713397781236,,,,,
397,,,2025-02-01,,,,,,,,,,,,,,76.4,35.8,0.9,113.1,2025 - Feb,30020.286725060316,23514.50251359471,,,1.4746478153752518,,,-0.25801931920150944,,,,,
398,,,2025-03-01,,,,,,,,,,,,,,87.6,39.0,1.6,128.2,2025 - Mar,30134.856161898097,23586.356753989017,,,1.8526747764691986,,,-0.1787794985136834,,,,,
399,,,2025-04-01,,,,,,,,,,,,,,78.7,38.7,0.9,118.3,2025 - Apr,30386.637067025,23743.287894490324,,,2.243884173655397,,,-0.15245655450217457,,,,,
400,,,2025-05-01,,,,,,,,,,,,,,89.1,41.1,1.5,131.7,2025 - May,30330.566398915733,23657.755963716543,,,1.4532054098613356,,,-0.4676914949666234,,,,,
401,,,2025-06-01,,,,,,,,,,,,,,78.6,41.0,2.2,121.8,2025 - Jun,30741.16230339363,23905.81354662949,,,2.5005283035784087,,,-0.17052874237124419,,,,,
402,,,2025-07-01,,,,,,,,,,,,,,85.5,40.8,0.6,126.9,2025 - Jul,30840.89293462857,23944.711507591834,,,1.9590560495929887,,,-0.3832414092927388,,,,,
403,,,2025-08-01,,,,,,,,,,,,,,93.2,45.2,1.8,140.2,2025 - Aug,30920.35719043606,23961.36180258946,,,2.0558955767306486,,,-0.37768436197341454,,,,,
404,,,2025-09-01,,,,,,,,,,,,,,79.7,34.5,1.3,115.5,2025 - Sep,31042.69828881767,23985.42504785428,,,2.166906493674392,,,-0.3594175564484622,,,,,
